1,1,0.26886,7.0209,-1.5734,6.5984,0.08,0.19732,10.32,0.1804,3.7219,0.3404,3.7215,0.35731,10.32
1,0,0.26886,7.0209,-1.5734,6.5984,0.08,0.19732,10.32,0.1804,3.7219,0.3404,3.7215,0.35731,10.32
1,1,2.6206,10.329,-3.138,4.6866,0.08,4.9636,10.417,0.27703,10.4,0.2776,10.24,4.9641,10.257
1,0,2.6206,10.329,-3.138,4.6866,0.08,4.9636,10.417,0.27703,10.4,0.2776,10.24,4.9641,10.257
1,1,4.9808,10.599,-1.6352,0.52558,0.08,4.9179,10.867,4.884,10.342,5.0437,10.332,5.0775,10.856
1,0,4.9808,10.599,-1.6352,0.52558,0.08,4.9179,10.867,4.884,10.342,5.0437,10.332,5.0775,10.856
1,1,6.8334,10.861,-3.1416,0.28762,0.08,6.9772,10.941,6.6896,10.941,6.6896,10.781,6.9772,10.781
1,1,5.1077,10.861,3.1416,0.21995,0.08,5.2176,10.941,4.9977,10.941,4.9977,10.781,5.2176,10.781
1,0,5.9875,10.861,3.1416,1.9795,0.08,6.9772,10.941,4.9977,10.941,4.9977,10.781,6.9772,10.781
1,1,6.9687,7.7484,1.5681,6.2262,0.08,7.0403,4.6351,7.0572,10.861,6.8972,10.862,6.8803,4.6356
1,0,6.9687,7.7484,1.5681,6.2262,0.08,7.0403,4.6351,7.0572,10.861,6.8972,10.862,6.8803,4.6356
1,1,4.9808,4.6523,-0.0085468,3.9592,0.08,3.0006,4.5892,6.9596,4.5553,6.961,4.7153,3.0019,4.7492
1,0,4.9808,4.6523,-0.0085468,3.9592,0.08,3.0006,4.5892,6.9596,4.5553,6.961,4.7153,3.0019,4.7492
1,1,3.0182,4.1701,1.6047,0.99879,0.08,3.1151,3.6737,3.0812,4.6719,2.9213,4.6665,2.9551,3.6682
1,0,3.0182,4.1701,1.6047,0.99879,0.08,3.1151,3.6737,3.0812,4.6719,2.9213,4.6665,2.9551,3.6682
1,1,1.6477,3.6963,-0.018291,2.7752,0.08,0.25893,3.6417,3.0336,3.591,3.0366,3.7509,0.26186,3.8017
1,0,1.6477,3.6963,-0.018291,2.7752,0.08,0.25893,3.6417,3.0336,3.591,3.0366,3.7509,0.26186,3.8017
2,1,6.9349,7.7484,-1.5681,6.2262,0.08,6.8465,10.861,6.8634,4.6351,7.0234,4.6356,7.0065,10.862
2,0,6.9349,7.7484,-1.5681,6.2262,0.08,6.8465,10.861,6.8634,4.6351,7.0234,4.6356,7.0065,10.862
2,1,8.0769,10.861,3.1416,0.20303,0.08,8.1785,10.941,7.9754,10.941,7.9754,10.781,8.1785,10.781
2,1,7.1126,10.861,3.1416,0.37222,0.08,7.2987,10.941,6.9265,10.941,6.9265,10.781,7.2987,10.781
2,0,7.5525,10.861,3.1416,1.252,0.08,8.1785,10.941,6.9265,10.941,6.9265,10.781,8.1785,10.781
2,1,8.165,8.7636,1.5644,1.0829,0.08,8.2415,8.2216,8.2485,9.3045,8.0885,9.3055,8.0815,8.2227
2,1,8.1754,10.388,1.5644,0.94755,0.08,8.2524,9.9135,8.2584,10.861,8.0985,10.862,8.0924,9.9145
2,0,8.17,9.5418,1.5644,2.6394,0.08,8.2415,8.2216,8.2584,10.861,8.0985,10.862,8.0815,8.2227
2,1,9.1344,8.2052,3.1242,1.946,0.08,10.109,8.2683,8.1629,8.3021,8.1601,8.1422,10.106,8.1083
2,0,9.1344,8.2052,3.1242,1.946,0.08,10.109,8.2683,8.1629,8.3021,8.1601,8.1422,10.106,8.1083
2,1,10.124,6.4203,1.5804,3.5362,0.08,10.221,4.653,10.187,8.1891,10.027,8.1875,10.061,4.6515
2,0,10.124,6.4203,1.5804,3.5362,0.08,10.221,4.653,10.187,8.1891,10.027,8.1875,10.061,4.6515
2,1,8.5422,4.6438,0.005291,3.1977,0.08,6.9438,4.5553,10.141,4.5723,10.141,4.7323,6.9429,4.7153
2,0,8.5422,4.6438,0.005291,3.1977,0.08,6.9438,4.5553,10.141,4.5723,10.141,4.7323,6.9429,4.7153
3,1,10.124,6.7502,-1.5708,4.1959,0.08,10.044,8.8481,10.044,4.6523,10.204,4.6523,10.204,8.8481
3,0,10.124,6.7502,-1.5708,4.1959,0.08,10.044,8.8481,10.044,4.6523,10.204,4.6523,10.204,8.8481
3,1,11.08,8.8651,-3.1239,1.9121,0.08,12.035,8.962,10.123,8.9281,10.126,8.7682,12.037,8.802
3,0,11.08,8.8651,-3.1239,1.9121,0.08,12.035,8.962,10.123,8.9281,10.126,8.7682,12.037,8.802
3,1,12.081,10.777,-1.5948,0.44017,0.08,12.007,10.999,11.996,10.559,12.156,10.555,12.167,10.995
3,1,12.049,9.4152,-1.5948,1.0668,0.08,11.982,9.9504,11.956,8.8839,12.116,8.8801,12.142,9.9466
3,0,12.061,9.9394,-1.5948,2.1155,0.08,12.007,10.999,11.956,8.8839,12.116,8.8801,12.167,10.995
3,1,13.119,11.011,-3.1279,0.40509,0.08,13.321,11.094,12.916,11.088,12.918,10.928,13.323,10.934
3,1,12.172,10.998,-3.1279,0.17033,0.08,12.256,11.079,12.086,11.077,12.088,10.917,12.258,10.919
3,0,12.704,11.005,-3.1279,1.2352,0.08,13.321,11.094,12.086,11.077,12.088,10.917,13.323,10.934
3,1,13.305,7.8076,1.5655,6.4124,0.08,13.368,4.6011,13.402,11.013,13.242,11.014,13.208,4.6019
3,0,13.305,7.8076,1.5655,6.4124,0.08,13.368,4.6011,13.402,11.013,13.242,11.014,13.208,4.6019
3,1,11.706,4.6269,-0.016041,3.1642,0.08,10.123,4.5723,13.287,4.5215,13.289,4.6815,10.125,4.7322
3,0,11.706,4.6269,-0.016041,3.1642,0.08,10.123,4.5723,13.287,4.5215,13.289,4.6815,10.125,4.7322
4,1,13.288,7.8245,-1.5708,6.4123,0.08,13.208,11.031,13.208,4.6184,13.368,4.6184,13.368,11.031
4,0,13.288,7.8245,-1.5708,6.4123,0.08,13.208,11.031,13.208,4.6184,13.368,4.6184,13.368,11.031
4,1,14.591,11.017,3.131,0.57557,0.08,14.879,11.094,14.304,11.1,14.302,10.94,14.877,10.934
4,1,13.457,11.029,3.131,0.33818,0.08,13.627,11.107,13.289,11.111,13.287,10.951,13.625,10.947
4,0,14.083,11.022,3.131,1.5905,0.08,14.879,11.094,13.289,11.111,13.287,10.951,14.877,10.934
4,1,14.865,9.6772,1.5612,0.84607,0.08,14.941,9.2534,14.95,10.099,14.79,10.101,14.781,9.255
4,1,14.877,10.887,1.5612,0.25393,0.08,14.956,10.759,14.958,11.013,14.798,11.015,14.796,10.761
4,0,14.87,10.134,1.5612,1.7596,0.08,14.941,9.2534,14.958,11.013,14.798,11.015,14.781,9.255
4,1,16.393,9.2542,3.1416,3.0623,0.08,17.924,9.3342,14.861,9.3342,14.861,9.1742,17.924,9.1742
4,0,16.393,9.2542,3.1416,3.0623,0.08,17.924,9.3342,14.861,9.3342,14.861,9.1742,17.924,9.1742
4,1,17.881,6.9363,1.5526,4.6366,0.08,17.919,4.617,18.004,9.2527,17.844,9.2557,17.759,4.6199
4,0,17.881,6.9363,1.5526,4.6366,0.08,17.919,4.617,18.004,9.2527,17.844,9.2557,17.759,4.6199
4,1,15.564,4.6184,0,4.5512,0.08,13.288,4.5384,17.839,4.5384,17.839,4.6984,13.288,4.6984
4,0,15.564,4.6184,0,4.5512,0.08,13.288,4.5384,17.839,4.5384,17.839,4.6984,13.288,4.6984
5,1,8.1615,10.396,-1.5708,0.8967,0.08,8.0815,10.845,8.0815,9.9479,8.2415,9.9479,8.2415,10.845
5,1,8.1615,8.7635,-1.5708,1.0828,0.08,8.0815,9.305,8.0815,8.2221,8.2415,8.2221,8.2415,9.305
5,0,8.1615,9.5334,-1.5708,2.6224,0.08,8.0815,10.845,8.0815,8.2221,8.2415,8.2221,8.2415,10.845
5,1,9.1344,10.845,3.1416,1.9457,0.08,10.107,10.925,8.1615,10.925,8.1615,10.765,10.107,10.765
5,0,9.1344,10.845,3.1416,1.9457,0.08,10.107,10.925,8.1615,10.925,8.1615,10.765,10.107,10.765
5,1,10.107,9.5334,1.5708,2.6224,0.08,10.187,8.2221,10.187,10.845,10.027,10.845,10.027,8.2221
5,0,10.107,9.5334,1.5708,2.6224,0.08,10.187,8.2221,10.187,10.845,10.027,10.845,10.027,8.2221
5,1,9.1344,8.2221,0,1.9457,0.08,8.1615,8.1421,10.107,8.1421,10.107,8.3021,8.1615,8.3021
5,0,9.1344,8.2221,0,1.9457,0.08,8.1615,8.1421,10.107,8.1421,10.107,8.3021,8.1615,8.3021
5,2,9.5367,9.7259,0,0.56895,0.56895,9.2522,9.4415,9.2522,10.01,9.8211,10.01,9.8211,9.4415
5,3,8.6315,10.385,0,0.77583,0.38792,8.2436,10.191,8.2436,10.579,9.0194,10.579,9.0194,10.191
6,1,10.124,10.202,-1.5708,2.6732,0.08,10.044,11.538,10.044,8.8651,10.204,8.8651,10.204,11.538
6,0,10.124,10.202,-1.5708,2.6732,0.08,10.044,11.538,10.044,8.8651,10.204,8.8651,10.204,11.538
6,1,11.114,11.538,3.1416,1.9795,0.08,12.104,11.618,10.124,11.618,10.124,11.458,12.104,11.458
6,0,11.114,11.538,3.1416,1.9795,0.08,12.104,11.618,10.124,11.618,10.124,11.458,12.104,11.458
6,1,12.104,9.398,1.5708,1.0659,0.08,12.184,8.8651,12.184,9.931,12.024,9.931,12.024,8.8651
6,1,12.104,11.039,1.5708,0.99822,0.08,12.184,10.54,12.184,11.538,12.024,11.538,12.024,10.54
6,0,12.104,10.202,1.5708,2.6732,0.08,12.184,8.8651,12.184,11.538,12.024,11.538,12.024,8.8651
6,1,11.114,8.8651,0,1.9795,0.08,10.124,8.7851,12.104,8.7851,12.104,8.9451,10.124,8.9451
6,0,11.114,8.8651,0,1.9795,0.08,10.124,8.7851,12.104,8.7851,12.104,8.9451,10.124,8.9451
6,2,10.843,10.385,0,0.49136,0.49136,10.597,10.14,10.597,10.631,11.088,10.631,11.088,10.14
6,3,11.618,11.084,0,0.64653,0.33619,11.295,10.916,11.295,11.252,11.942,11.252,11.942,10.916
7,1,14.878,11.462,-1.5708,1.2351,0.08,14.798,12.08,14.798,10.845,14.958,10.845,14.958,12.08
7,1,14.878,9.6772,-1.5708,0.81211,0.08,14.798,10.083,14.798,9.2711,14.958,9.2711,14.958,10.083
7,0,14.878,10.675,-1.5708,2.8085,0.08,14.798,12.08,14.798,9.2711,14.958,9.2711,14.958,12.08
7,1,16.35,12.08,3.1416,2.9439,0.08,17.822,12.16,14.878,12.16,14.878,12,17.822,12
7,0,16.35,12.08,3.1416,2.9439,0.08,17.822,12.16,14.878,12.16,14.878,12,17.822,12
7,1,17.822,10.675,1.5708,2.8085,0.08,17.902,9.2711,17.902,12.08,17.742,12.08,17.742,9.2711
7,0,17.822,10.675,1.5708,2.8085,0.08,17.902,9.2711,17.902,12.08,17.742,12.08,17.742,9.2711
7,1,16.35,9.2711,0,2.9439,0.08,14.878,9.1911,17.822,9.1911,17.822,9.3511,14.878,9.3511
7,0,16.35,9.2711,0,2.9439,0.08,14.878,9.1911,17.822,9.1911,17.822,9.3511,14.878,9.3511
7,3,15.278,11.135,0,0.41378,0.49136,15.071,10.89,15.071,11.381,15.485,11.381,15.485,10.89
7,4,17.347,9.713,0,0.72411,0.69825,16.985,9.3639,16.985,10.062,17.709,10.062,17.709,9.3639
8,1,15.2,12.638,-1.5708,0.9813,0.08,15.12,13.129,15.12,12.147,15.28,12.147,15.28,13.129
8,0,15.2,12.638,-1.5708,0.9813,0.08,15.12,13.129,15.12,12.147,15.28,12.147,15.28,13.129
8,1,16.511,13.129,3.1416,2.6224,0.08,17.822,13.209,15.2,13.209,15.2,13.049,17.822,13.049
8,0,16.511,13.129,3.1416,2.6224,0.08,17.822,13.209,15.2,13.209,15.2,13.049,17.822,13.049
8,1,17.822,12.638,1.5708,0.9813,0.08,17.902,12.147,17.902,13.129,17.742,13.129,17.742,12.147
8,0,17.822,12.638,1.5708,0.9813,0.08,17.902,12.147,17.902,13.129,17.742,13.129,17.742,12.147
8,1,16.511,12.147,0,2.6224,0.08,15.2,12.067,17.822,12.067,17.822,12.227,15.2,12.227
8,0,16.511,12.147,0,2.6224,0.08,15.2,12.067,17.822,12.067,17.822,12.227,15.2,12.227
8,2,15.769,12.597,0,0.67239,0.36206,15.433,12.415,15.433,12.778,16.105,12.778,16.105,12.415
9,1,0.27732,11.487,-1.5708,2.3686,0.08,0.19732,12.672,0.19732,10.303,0.35732,10.303,0.35732,12.672
9,0,0.27732,11.487,-1.5708,2.3686,0.08,0.19732,12.672,0.19732,10.303,0.35732,10.303,0.35732,12.672
9,1,2.6206,12.672,3.1416,4.6865,0.08,4.9639,12.752,0.27732,12.752,0.27732,12.592,4.9639,12.592
9,0,2.6206,12.672,3.1416,4.6865,0.08,4.9639,12.752,0.27732,12.752,0.27732,12.592,4.9639,12.592
9,1,4.9639,10.853,1.5708,1.0997,0.08,5.0439,10.303,5.0439,11.403,4.8839,11.403,4.8839,10.303
9,1,4.9639,12.401,1.5708,0.54141,0.08,5.0439,12.13,5.0439,12.672,4.8839,12.672,4.8839,12.13
9,0,4.9639,11.487,1.5708,2.3686,0.08,5.0439,10.303,5.0439,12.672,4.8839,12.672,4.8839,10.303
9,1,2.6206,10.303,0,4.6865,0.08,0.27732,10.223,4.9639,10.223,4.9639,10.383,0.27732,10.383
9,0,2.6206,10.303,0,4.6865,0.08,0.27732,10.223,4.9639,10.223,4.9639,10.383,0.27732,10.383
9,3,2.6576,10.631,0,0.98272,0.56895,2.1662,10.347,2.1662,10.916,3.149,10.916,3.149,10.347
9,5,0.70509,11.769,0,0.54308,0.72411,0.43354,11.407,0.43354,12.131,0.97663,12.131,0.97663,11.407
10,1,5.0146,12.875,-1.5708,1.5565,0.08,4.9346,13.653,4.9346,12.097,5.0946,12.097,5.0946,13.653
10,1,5.0146,11.158,-1.5708,0.52449,0.08,4.9346,11.42,4.9346,10.895,5.0946,10.895,5.0946,11.42
10,0,5.0146,12.274,-1.5708,2.7578,0.08,4.9346,13.653,4.9346,10.895,5.0946,10.895,5.0946,13.653
10,1,9.3459,13.653,3.1416,0.33838,0.08,9.515,13.733,9.1767,13.733,9.1767,13.573,9.515,13.573
10,1,6.4273,13.653,3.1416,2.8255,0.08,7.8401,13.733,5.0146,13.733,5.0146,13.573,7.8401,13.573
10,0,7.2648,13.653,3.1416,4.5004,0.08,9.515,13.733,5.0146,13.733,5.0146,13.573,9.515,13.573
10,1,9.515,11.572,1.5708,1.3535,0.08,9.595,10.895,9.595,12.249,9.435,12.249,9.435,10.895
10,1,9.515,13.281,1.5708,0.74443,0.08,9.595,12.909,9.595,13.653,9.435,13.653,9.435,12.909
10,0,9.515,12.274,1.5708,2.7578,0.08,9.595,10.895,9.595,13.653,9.435,13.653,9.435,10.895
10,1,5.1161,10.895,0,0.20303,0.08,5.0146,10.815,5.2176,10.815,5.2176,10.975,5.0146,10.975
10,1,6.9772,10.895,0,0.67676,0.08,6.6388,10.815,7.3156,10.815,7.3156,10.975,6.6388,10.975
10,1,8.7537,10.895,0,1.5227,0.08,7.9923,10.815,9.515,10.815,9.515,10.975,7.9923,10.975
10,0,7.2648,10.895,0,4.5004,0.08,5.0146,10.815,9.515,10.815,9.515,10.975,5.0146,10.975
11,1,10.852,11.927,0.013333,2.5381,0.08,9.5838,11.83,12.122,11.864,12.119,12.024,9.5817,11.99
11,0,10.852,11.927,0.013333,2.5381,0.08,9.5838,11.83,12.122,11.864,12.119,12.024,9.5817,11.99
11,1,12.104,11.487,-1.6078,0.91425,0.08,12.041,11.947,12.007,11.034,12.167,11.028,12.201,11.941
11,0,12.104,11.487,-1.6078,0.91425,0.08,12.041,11.947,12.007,11.034,12.167,11.028,12.201,11.941
11,1,12.154,11.031,0,0.13535,0.08,12.087,10.951,12.222,10.951,12.222,11.111,12.087,11.111
11,1,13.237,11.031,0,0.71059,0.08,12.882,10.951,13.593,10.951,13.593,11.111,12.882,11.111
11,1,14.574,11.031,0,0.54141,0.08,14.303,10.951,14.845,10.951,14.845,11.111,14.303,11.111
11,0,13.466,11.031,0,2.7578,0.08,12.087,10.951,14.845,10.951,14.845,11.111,12.087,11.111
11,1,14.836,12.097,1.5787,2.1319,0.08,14.925,11.031,14.908,13.163,14.748,13.162,14.765,11.03
11,0,14.836,12.097,1.5787,2.1319,0.08,14.925,11.031,14.908,13.163,14.748,13.162,14.765,11.03
11,1,12.188,13.137,-3.132,5.2789,0.08,14.827,13.242,9.5481,13.192,9.5497,13.032,14.828,13.082
11,0,12.188,13.137,-3.132,5.2789,0.08,14.827,13.242,9.5481,13.192,9.5497,13.032,14.828,13.082
11,1,9.5517,13.011,-1.5426,0.20056,0.08,9.4689,13.109,9.4746,12.909,9.6345,12.913,9.6289,13.114
11,1,9.5774,12.098,-1.5426,0.37493,0.08,9.4922,12.283,9.5028,11.908,9.6627,11.913,9.6521,12.287
11,0,9.5658,12.511,-1.5426,1.2017,0.08,9.4689,13.109,9.5028,11.908,9.6627,11.913,9.6289,13.114
