1,1,0.16065,1.8652,-1.5708,3.3578,0.08,0.080654,3.5442,0.080654,0.18632,0.24065,0.18632,0.24065,3.5442
1,0,0.16065,1.8652,-1.5708,3.3578,0.08,0.080654,3.5442,0.080654,0.18632,0.24065,0.18632,0.24065,3.5442
1,1,2.2532,3.5442,3.1416,4.1851,0.08,4.3458,3.6242,0.16065,3.6242,0.16065,3.4642,4.3458,3.4642
1,0,2.2532,3.5442,3.1416,4.1851,0.08,4.3458,3.6242,0.16065,3.6242,0.16065,3.4642,4.3458,3.4642
1,1,4.3458,1.336,1.5708,2.2994,0.08,4.4258,0.18632,4.4258,2.4857,4.2658,2.4857,4.2658,0.18632
1,1,4.3458,3.3434,1.5708,0.40148,0.08,4.4258,3.1427,4.4258,3.5442,4.2658,3.5442,4.2658,3.1427
1,0,4.3458,1.8652,1.5708,3.3578,0.08,4.4258,0.18632,4.4258,3.5442,4.2658,3.5442,4.2658,0.18632
1,1,2.2532,0.18632,0,4.1851,0.08,0.16065,0.10632,4.3458,0.10632,4.3458,0.26632,0.16065,0.26632
1,0,2.2532,0.18632,0,4.1851,0.08,0.16065,0.10632,4.3458,0.10632,4.3458,0.26632,0.16065,0.26632
2,1,0.19107,5.6367,-1.5679,4.2338,0.08,0.10499,7.7534,0.11715,3.5196,0.27715,3.5201,0.26499,7.7539
2,0,0.19107,5.6367,-1.5679,4.2338,0.08,0.10499,7.7534,0.11715,3.5196,0.27715,3.5201,0.26499,7.7539
2,1,1.8092,8.07,-2.9492,3.3094,0.08,3.418,8.4648,0.16969,7.8322,0.20028,7.6751,3.4486,8.3078
2,0,1.8092,8.07,-2.9492,3.3094,0.08,3.418,8.4648,0.16969,7.8322,0.20028,7.6751,3.4486,8.3078
2,1,3.4333,6.4701,1.5708,3.8323,0.08,3.5133,4.554,3.5133,8.3863,3.3533,8.3863,3.3533,4.554
2,0,3.4333,6.4701,1.5708,3.8323,0.08,3.5133,4.554,3.5133,8.3863,3.3533,8.3863,3.3533,4.554
2,1,3.8774,4.5235,3.0732,0.89021,0.08,4.3269,4.5729,3.4388,4.6338,3.4279,4.4741,4.316,4.4133
2,0,3.8774,4.5235,3.0732,0.89021,0.08,4.3269,4.5729,3.4388,4.6338,3.4279,4.4741,4.316,4.4133
2,1,4.2881,3.6362,1.5319,0.15993,0.08,4.3649,3.5532,4.3711,3.713,4.2113,3.7193,4.205,3.5595
2,1,4.3196,4.4445,1.5319,0.097255,0.08,4.3976,4.3928,4.4014,4.49,4.2415,4.4962,4.2377,4.3991
2,0,4.3032,4.0247,1.5319,0.9375,0.08,4.3649,3.5532,4.4014,4.49,4.2415,4.4962,4.205,3.5595
2,1,2.2411,3.5381,0.0089283,4.088,0.08,0.19787,3.4398,4.2857,3.4763,4.2843,3.6363,0.19644,3.5998
2,0,2.2411,3.5381,0.0089283,4.088,0.08,0.19787,3.4398,4.2857,3.4763,4.2843,3.6363,0.19644,3.5998
3,1,3.4516,6.4336,-1.5804,3.8082,0.08,3.3898,8.3384,3.3533,4.5304,3.5133,4.5289,3.5498,8.3369
3,0,3.4516,6.4336,-1.5804,3.8082,0.08,3.3898,8.3384,3.3533,4.5304,3.5133,4.5289,3.5498,8.3369
3,1,5.6719,8.6904,-2.9827,4.4603,0.08,7.8613,9.1223,3.4572,8.4166,3.4825,8.2586,7.8866,8.9643
3,0,5.6719,8.6904,-2.9827,4.4603,0.08,7.8613,9.1223,3.4572,8.4166,3.4825,8.2586,7.8866,8.9643
3,1,7.8967,2.9237,1.5745,0.876,0.08,7.9783,2.486,7.9751,3.362,7.8151,3.3614,7.8183,2.4854
3,1,7.8872,5.4665,1.5745,1.9224,0.08,7.9708,4.5056,7.9637,6.428,7.8037,6.4274,7.8108,4.505
3,1,7.8767,8.3011,1.5745,1.4843,0.08,7.9595,7.5593,7.954,9.0436,7.794,9.043,7.7995,7.5587
3,0,7.8861,5.7645,1.5745,6.5576,0.08,7.9783,2.486,7.954,9.0436,7.794,9.043,7.8183,2.4854
3,1,6.56,2.4736,0.0090907,2.6767,0.08,5.2225,2.3814,7.899,2.4057,7.8976,2.5657,5.221,2.5414
3,0,6.56,2.4736,0.0090907,2.6767,0.08,5.2225,2.3814,7.899,2.4057,7.8976,2.5657,5.221,2.5414
3,1,5.2278,3.4894,-1.5767,2.0561,0.08,5.1539,4.5179,5.1418,2.4619,5.3018,2.4609,5.3139,4.517
3,0,5.2278,3.4894,-1.5767,2.0561,0.08,5.1539,4.5179,5.1418,2.4619,5.3018,2.4609,5.3139,4.517
3,1,3.9868,4.5259,-0.0067567,1.1069,0.08,3.4328,4.4496,4.5397,4.4422,4.5408,4.6021,3.4339,4.6096
3,1,5.1488,4.518,-0.0067567,0.17032,0.08,5.0631,4.4386,5.2334,4.4375,5.2345,4.5975,5.0641,4.5986
3,0,4.3336,4.5235,-0.0067567,1.8006,0.08,3.4328,4.4496,5.2334,4.4375,5.2345,4.5975,3.4339,4.6096
3,3,5.5377,3.6436,0,0.45124,0.92623,5.3121,3.1805,5.3121,4.1067,5.7633,4.1067,5.7633,3.1805
3,5,6.9864,2.8005,0,0.64123,0.47499,6.6658,2.563,6.6658,3.038,7.307,3.038,7.307,2.563
4,1,5.2583,2.3823,-1.5708,0.18249,0.08,5.1783,2.4736,5.1783,2.2911,5.3383,2.2911,5.3383,2.4736
4,1,5.2583,0.91021,-1.5708,1.5208,0.08,5.1783,1.6706,5.1783,0.14983,5.3383,0.14983,5.3383,1.6706
4,0,5.2583,1.3117,-1.5708,2.3237,0.08,5.1783,2.4736,5.1783,0.14983,5.3383,0.14983,5.3383,2.4736
4,1,6.5722,2.4736,3.1416,2.6279,0.08,7.8861,2.5536,5.2583,2.5536,5.2583,2.3936,7.8861,2.3936
4,0,6.5722,2.4736,3.1416,2.6279,0.08,7.8861,2.5536,5.2583,2.5536,5.2583,2.3936,7.8861,2.3936
4,1,7.8861,1.3117,1.5708,2.3237,0.08,7.9661,0.14983,7.9661,2.4736,7.8061,2.4736,7.8061,0.14983
4,0,7.8861,1.3117,1.5708,2.3237,0.08,7.9661,0.14983,7.9661,2.4736,7.8061,2.4736,7.8061,0.14983
4,1,6.5722,0.14983,0,2.6279,0.08,5.2583,0.069826,7.8861,0.069826,7.8861,0.22983,5.2583,0.22983
4,0,6.5722,0.14983,0,2.6279,0.08,5.2583,0.069826,7.8861,0.069826,7.8861,0.22983,5.2583,0.22983
4,2,7.4852,0.61553,0,0.45124,0.75998,7.2595,0.23553,7.2595,0.99552,7.7108,0.99552,7.7108,0.23553
4,3,7.2595,2.1592,0,0.52249,0.42749,6.9983,1.9455,6.9983,2.373,7.5208,2.373,7.5208,1.9455
4,4,6.5233,0.65115,0,0.90248,0.83123,6.0721,0.23553,6.0721,1.0668,6.9746,1.0668,6.9746,0.23553
5,1,7.8679,4.5661,-1.5722,8.9299,0.08,7.794,9.0312,7.7818,0.10127,7.9418,0.10105,7.954,9.031
5,0,7.8679,4.5661,-1.5722,8.9299,0.08,7.794,9.0312,7.7818,0.10127,7.9418,0.10105,7.954,9.031
5,1,8.7134,7.9118,2.2143,2.7982,0.08,9.6169,6.8405,7.938,9.0791,7.81,8.9831,9.4889,6.7445
5,0,8.7134,7.9118,2.2143,2.7982,0.08,9.6169,6.8405,7.938,9.0791,7.81,8.9831,9.4889,6.7445
5,1,9.5651,3.4773,1.5745,6.6306,0.08,9.6572,0.16229,9.6329,6.7928,9.4729,6.7922,9.4972,0.1617
5,0,9.5651,3.4773,1.5745,6.6306,0.08,9.6572,0.16229,9.6329,6.7928,9.4729,6.7922,9.4972,0.1617
5,1,8.7195,0.13158,0.035446,1.7165,0.08,7.8646,0.021212,9.5801,0.082042,9.5744,0.24194,7.859,0.18111
5,0,8.7195,0.13158,0.035446,1.7165,0.08,7.8646,0.021212,9.5801,0.082042,9.5744,0.24194,7.859,0.18111
