1,1,1.7051,6.6134,-0.099669,0.95596,0.08,1.2215,6.5813,2.1727,6.4862,2.1886,6.6454,1.2374,6.7405
1,0,1.7051,6.6134,-0.099669,0.95596,0.08,1.2215,6.5813,2.1727,6.4862,2.1886,6.6454,1.2374,6.7405
1,1,2.3075,6.4073,-0.89606,0.40605,0.08,2.1182,6.5158,2.3719,6.1987,2.4968,6.2987,2.2431,6.6158
1,0,2.3075,6.4073,-0.89606,0.40605,0.08,2.1182,6.5158,2.3719,6.1987,2.4968,6.2987,2.2431,6.6158
1,1,2.8624,6.217,-0.073939,0.85844,0.08,2.4284,6.1689,3.2845,6.1055,3.2963,6.2651,2.4402,6.3285
1,0,2.8624,6.217,-0.073939,0.85844,0.08,2.4284,6.1689,3.2845,6.1055,3.2963,6.2651,2.4402,6.3285
1,1,3.4331,6.3597,0.88507,0.45065,0.08,3.3523,6.1346,3.6377,6.4834,3.5139,6.5847,3.2285,6.236
1,0,3.4331,6.3597,0.88507,0.45065,0.08,3.3523,6.1346,3.6377,6.4834,3.5139,6.5847,3.2285,6.236
1,1,4.0038,6.4865,-0.11066,0.86137,0.08,3.567,6.4546,4.4231,6.3595,4.4407,6.5185,3.5846,6.6136
1,0,4.0038,6.4865,-0.11066,0.86137,0.08,3.567,6.4546,4.4231,6.3595,4.4407,6.5185,3.5846,6.6136
1,1,4.5429,6.2646,-1.0041,0.41341,0.08,4.3644,6.396,4.5863,6.0472,4.7213,6.1331,4.4994,6.4819
1,0,4.5429,6.2646,-1.0041,0.41341,0.08,4.3644,6.396,4.5863,6.0472,4.7213,6.1331,4.4994,6.4819
1,1,5.0502,6.0585,-0.07983,0.79522,0.08,4.6475,6.0104,5.4401,5.947,5.4529,6.1065,4.6602,6.1699
1,0,5.0502,6.0585,-0.07983,0.79522,0.08,4.6475,6.0104,5.4401,5.947,5.4529,6.1065,4.6602,6.1699
1,1,5.6209,6.217,0.82885,0.51616,0.08,5.5055,5.9727,5.8543,6.3532,5.7363,6.4613,5.3876,6.0808
1,0,5.6209,6.217,0.82885,0.51616,0.08,5.5055,5.9727,5.8543,6.3532,5.7363,6.4613,5.3876,6.0808
1,1,6.2392,6.3914,-0.035699,0.88837,0.08,5.7924,6.3273,6.6803,6.2956,6.686,6.4555,5.7982,6.4872
1,0,6.2392,6.3914,-0.035699,0.88837,0.08,5.7924,6.3273,6.6803,6.2956,6.686,6.4555,5.7982,6.4872
1,1,6.6831,8.7219,1.5708,4.6927,0.08,6.7631,6.3755,6.7631,11.068,6.6031,11.068,6.6031,6.3755
1,0,6.6831,8.7219,1.5708,4.6927,0.08,6.7631,6.3755,6.7631,11.068,6.6031,11.068,6.6031,6.3755
1,1,5.3802,11.176,3.0594,2.6146,0.08,6.6897,11.148,4.0838,11.363,4.0707,11.203,6.6765,10.989
1,1,2.2914,11.43,3.0594,2.0038,0.08,3.2965,11.427,1.2994,11.592,1.2863,11.432,3.2834,11.268
1,0,3.988,11.29,3.0594,5.4085,0.08,6.6897,11.148,1.2994,11.592,1.2863,11.432,6.6765,10.989
1,1,1.2612,9.0865,-1.5839,4.8516,0.08,1.2129,11.513,1.1495,6.662,1.3094,6.6599,1.3729,11.511
1,0,1.2612,9.0865,-1.5839,4.8516,0.08,1.2129,11.513,1.1495,6.662,1.3094,6.6599,1.3729,11.511
2,1,5.827,11.211,-0.12891,1.7265,0.08,4.9606,11.243,6.6728,11.021,6.6934,11.179,4.9812,11.401
2,0,5.827,11.211,-0.12891,1.7265,0.08,4.9606,11.243,6.6728,11.021,6.6934,11.179,4.9812,11.401
2,1,6.6831,12.067,1.5708,1.9341,0.08,6.7631,11.1,6.7631,13.034,6.6031,13.034,6.6031,11.1
2,0,6.6831,12.067,1.5708,1.9341,0.08,6.7631,11.1,6.7631,13.034,6.6031,13.034,6.6031,11.1
2,1,5.8429,13.082,3.085,1.6832,0.08,6.6876,13.114,5.0071,13.209,4.9981,13.049,6.6786,12.954
2,0,5.8429,13.082,3.085,1.6832,0.08,6.6876,13.114,5.0071,13.209,4.9981,13.049,6.6786,12.954
2,1,5.0018,13.082,-1.5883,0.094551,0.08,4.9226,13.131,4.921,13.036,5.081,13.033,5.0826,13.128
2,1,4.9801,11.845,-1.5883,1.0467,0.08,4.9093,12.37,4.8909,11.323,5.0509,11.32,5.0693,12.367
2,0,4.9868,12.226,-1.5883,1.8076,0.08,4.9226,13.131,4.8909,11.323,5.0509,11.32,5.0826,13.128
2,2,6.2278,11.655,0,0.47821,0.51806,5.9887,11.396,5.9887,11.914,6.4669,11.914,6.4669,11.396
2,3,6.2875,12.731,0,0.51806,0.51806,6.0285,12.472,6.0285,12.99,6.5466,12.99,6.5466,12.472
2,4,5.4507,11.734,0,0.75716,0.83687,5.0721,11.316,5.0721,12.153,5.8293,12.153,5.8293,11.316
3,1,5.8429,13.098,0,1.6805,0.08,5.0026,13.018,6.6831,13.018,6.6831,13.178,5.0026,13.178
3,0,5.8429,13.098,0,1.6805,0.08,5.0026,13.018,6.6831,13.018,6.6831,13.178,5.0026,13.178
3,1,6.6831,14.223,1.5708,2.2512,0.08,6.7631,13.098,6.7631,15.349,6.6031,15.349,6.6031,13.098
3,0,6.6831,14.223,1.5708,2.2512,0.08,6.7631,13.098,6.7631,15.349,6.6031,15.349,6.6031,13.098
3,1,5.4624,15.46,3.0509,2.4515,0.08,6.6904,15.428,4.2489,15.65,4.2344,15.491,6.6759,15.269
3,0,5.4624,15.46,3.0509,2.4515,0.08,6.6904,15.428,4.2489,15.65,4.2344,15.491,6.6759,15.269
3,1,4.2575,15.048,-1.5405,1.0468,0.08,4.1617,15.568,4.1934,14.522,4.3533,14.527,4.3216,15.573
3,0,4.2575,15.048,-1.5405,1.0468,0.08,4.1617,15.568,4.1934,14.522,4.3533,14.527,4.3216,15.573
3,1,4.6221,14.508,-0.045423,0.69828,0.08,4.2697,14.444,4.9673,14.413,4.9745,14.573,4.277,14.604
3,0,4.6221,14.508,-0.045423,0.69828,0.08,4.2697,14.444,4.9673,14.413,4.9745,14.573,4.277,14.604
3,1,4.972,14.445,-1.5481,0.095818,0.08,4.8909,14.491,4.8931,14.395,5.0531,14.399,5.0509,14.494
3,1,4.9965,13.367,-1.5481,0.53889,0.08,4.9104,13.634,4.9226,13.096,5.0826,13.099,5.0704,13.638
3,0,4.9868,13.795,-1.5481,1.3955,0.08,4.8909,14.491,4.9226,13.096,5.0826,13.099,5.0509,14.494
3,2,4.7931,14.982,0,0.79701,0.31881,4.3946,14.823,4.3946,15.142,5.1917,15.142,5.1917,14.823
3,3,5.4706,13.488,0,0.79701,0.35866,5.0721,13.308,5.0721,13.667,5.8691,13.667,5.8691,13.308
4,1,2.1648,14.445,0.016948,1.871,0.08,1.2308,14.349,3.1015,14.381,3.0988,14.541,1.2281,14.509
4,0,2.1648,14.445,0.016948,1.871,0.08,1.2308,14.349,3.1015,14.381,3.0988,14.541,1.2281,14.509
4,1,3.1021,14.541,1.547,0.15925,0.08,3.1802,14.459,3.184,14.618,3.024,14.622,3.0202,14.463
4,1,3.1266,15.571,1.547,0.44378,0.08,3.2013,15.347,3.2119,15.791,3.0519,15.795,3.0413,15.351
4,0,3.116,15.127,1.547,1.3321,0.08,3.1802,14.459,3.2119,15.791,3.0519,15.795,3.0202,14.463
4,1,3.4331,15.793,0,0.60244,0.08,3.1319,15.713,3.7343,15.713,3.7343,15.873,3.1319,15.873
4,0,3.4331,15.793,0,0.60244,0.08,3.1319,15.713,3.7343,15.713,3.7343,15.873,3.1319,15.873
4,1,3.7343,17.315,1.5708,3.0439,0.08,3.8143,15.793,3.8143,18.837,3.6543,18.837,3.6543,15.793
4,0,3.7343,17.315,1.5708,3.0439,0.08,3.8143,15.793,3.8143,18.837,3.6543,18.837,3.6543,15.793
4,1,2.1965,18.837,3.1416,3.0756,0.08,3.7343,18.917,0.65872,18.917,0.65872,18.757,3.7343,18.757
4,0,2.1965,18.837,3.1416,3.0756,0.08,3.7343,18.917,0.65872,18.917,0.65872,18.757,3.7343,18.757
4,1,0.65872,17.219,-1.5708,3.2341,0.08,0.57872,18.837,0.57872,15.602,0.73872,15.602,0.73872,18.837
4,0,0.65872,17.219,-1.5708,3.2341,0.08,0.57872,18.837,0.57872,15.602,0.73872,15.602,0.73872,18.837
4,1,0.94409,15.587,-0.055499,0.57161,0.08,0.65428,15.523,1.225,15.491,1.2339,15.651,0.66316,15.682
4,0,0.94409,15.587,-0.055499,0.57161,0.08,0.65428,15.523,1.225,15.491,1.2339,15.651,0.66316,15.682
4,1,1.2295,15,-1.5708,1.1415,0.08,1.1495,15.571,1.1495,14.429,1.3095,14.429,1.3095,15.571
4,0,1.2295,15,-1.5708,1.1415,0.08,1.1495,15.571,1.1495,14.429,1.3095,14.429,1.3095,15.571
5,1,12.279,11.084,0.014084,2.2514,0.08,11.155,10.988,13.406,11.02,13.404,11.18,11.153,11.148
5,0,12.279,11.084,0.014084,2.2514,0.08,11.155,10.988,13.406,11.02,13.404,11.18,11.153,11.148
5,1,13.389,13.208,1.5783,4.2172,0.08,13.485,11.101,13.453,15.318,13.293,15.316,13.325,11.099
5,0,13.389,13.208,1.5783,4.2172,0.08,13.485,11.101,13.453,15.318,13.293,15.316,13.325,11.099
5,1,12.105,15.428,3.0543,2.5463,0.08,13.38,15.397,10.844,15.619,10.83,15.459,13.366,15.237
5,0,12.105,15.428,3.0543,2.5463,0.08,13.38,15.397,10.844,15.619,10.83,15.459,13.366,15.237
5,1,10.837,14.429,-1.5708,2.2195,0.08,10.757,15.539,10.757,13.319,10.917,13.319,10.917,15.539
5,1,10.837,13.922,1.5708,2.4098,0.08,10.917,12.717,10.917,15.127,10.757,15.127,10.757,12.717
5,1,10.837,13.415,-1.5708,1.7756,0.08,10.757,14.302,10.757,12.527,10.917,12.527,10.917,14.302
5,0,10.837,14.033,-1.5708,3.0122,0.08,10.757,15.539,10.757,12.527,10.917,12.527,10.917,15.539
5,1,10.995,12.527,0,0.31707,0.08,10.837,12.447,11.154,12.447,11.154,12.607,10.837,12.607
5,0,10.995,12.527,0,0.31707,0.08,10.837,12.447,11.154,12.447,11.154,12.607,10.837,12.607
5,1,11.154,11.798,-1.5708,1.4585,0.08,11.074,12.527,11.074,11.068,11.234,11.068,11.234,12.527
5,0,11.154,11.798,-1.5708,1.4585,0.08,11.074,12.527,11.074,11.068,11.234,11.068,11.234,12.527
5,3,12.903,14.285,0,0.59776,0.67746,12.604,13.946,12.604,14.624,13.202,14.624,13.202,13.946
5,5,12.823,12.751,0,0.27896,0.55791,12.684,12.472,12.684,13.029,12.963,13.029,12.963,12.472
6,1,8.6807,14.398,-0.028564,2.2204,0.08,7.5686,14.349,9.7881,14.286,9.7927,14.446,7.5732,14.509
6,0,8.6807,14.398,-0.028564,2.2204,0.08,7.5686,14.349,9.7881,14.286,9.7927,14.446,7.5732,14.509
6,1,9.7904,14.493,1.5708,0.25366,0.08,9.8704,14.366,9.8704,14.619,9.7104,14.619,9.7104,14.366
6,1,9.7904,15.539,1.5708,0.57073,0.08,9.8704,15.254,9.8704,15.824,9.7104,15.824,9.7104,15.254
6,0,9.7904,15.095,1.5708,1.4585,0.08,9.8704,14.366,9.8704,15.824,9.7104,15.824,9.7104,14.366
6,1,10.06,15.824,0,0.53902,0.08,9.7904,15.744,10.329,15.744,10.329,15.904,9.7904,15.904
6,0,10.06,15.824,0,0.53902,0.08,9.7904,15.744,10.329,15.744,10.329,15.904,9.7904,15.904
6,1,10.314,17.315,1.5814,2.9807,0.08,10.409,15.825,10.378,18.806,10.218,18.804,10.249,15.823
6,0,10.314,17.315,1.5814,2.9807,0.08,10.409,15.825,10.378,18.806,10.218,18.804,10.249,15.823
6,1,8.8075,18.805,3.1416,2.9805,0.08,10.298,18.885,7.3173,18.885,7.3173,18.725,10.298,18.725
6,0,8.8075,18.805,3.1416,2.9805,0.08,10.298,18.885,7.3173,18.885,7.3173,18.725,10.298,18.725
6,1,7.4441,16.617,-1.5129,4.383,0.08,7.2374,18.8,7.491,14.425,7.6508,14.434,7.3971,18.809
6,0,7.4441,16.617,-1.5129,4.383,0.08,7.2374,18.8,7.491,14.425,7.6508,14.434,7.3971,18.809
