1,1,0.33996,5.3362,-1.5708,4.8575,0.08,0.25996,7.7649,0.25996,2.9074,0.41996,2.9074,0.41996,7.7649
1,0,0.33996,5.3362,-1.5708,4.8575,0.08,0.25996,7.7649,0.25996,2.9074,0.41996,2.9074,0.41996,7.7649
1,1,4.1527,7.7649,3.1416,5.7802,0.08,7.0428,7.8449,1.2626,7.8449,1.2626,7.6849,7.0428,7.6849
1,1,1.7647,7.7649,0,1.0041,0.08,1.2626,7.6849,2.2667,7.6849,2.2667,7.8449,1.2626,7.8449
1,1,3.6235,7.7649,0,4.1248,0.08,1.5611,7.6849,5.6859,7.6849,5.6859,7.8449,1.5611,7.8449
1,1,2.1853,7.7649,3.1416,3.6906,0.08,4.0306,7.8449,0.33996,7.8449,0.33996,7.6849,4.0306,7.6849
1,0,3.6914,7.7649,3.1416,6.7028,0.08,7.0428,7.8449,0.33996,7.8449,0.33996,7.6849,7.0428,7.6849
1,1,7.0428,5.3362,1.5708,4.8575,0.08,7.1228,2.9074,7.1228,7.7649,6.9628,7.7649,6.9628,2.9074
1,0,7.0428,5.3362,1.5708,4.8575,0.08,7.1228,2.9074,7.1228,7.7649,6.9628,7.7649,6.9628,2.9074
1,1,3.6914,2.9074,0,6.7028,0.08,0.33996,2.8274,7.0428,2.8274,7.0428,2.9874,0.33996,2.9874
1,0,3.6914,2.9074,0,6.7028,0.08,0.33996,2.8274,7.0428,2.8274,7.0428,2.9874,0.33996,2.9874
2,1,2.5109,9.8545,-1.5708,4.1791,0.08,2.4309,11.944,2.4309,7.7649,2.5909,7.7649,2.5909,11.944
2,0,2.5109,9.8545,-1.5708,4.1791,0.08,2.4309,11.944,2.4309,7.7649,2.5909,7.7649,2.5909,11.944
2,1,4.7768,11.944,3.1416,4.5319,0.08,7.0428,12.024,2.5109,12.024,2.5109,11.864,7.0428,11.864
2,0,4.7768,11.944,3.1416,4.5319,0.08,7.0428,12.024,2.5109,12.024,2.5109,11.864,7.0428,11.864
2,1,7.0428,9.8545,1.5708,4.1791,0.08,7.1228,7.7649,7.1228,11.944,6.9628,11.944,6.9628,7.7649
2,0,7.0428,9.8545,1.5708,4.1791,0.08,7.1228,7.7649,7.1228,11.944,6.9628,11.944,6.9628,7.7649
2,1,3.3115,7.7649,0,1.6011,0.08,2.5109,7.6849,4.112,7.6849,4.112,7.8449,2.5109,7.8449
2,1,6.3644,7.7649,0,1.3568,0.08,5.6859,7.6849,7.0428,7.6849,7.0428,7.8449,5.6859,7.8449
2,0,4.7768,7.7649,0,4.5319,0.08,2.5109,7.6849,7.0428,7.6849,7.0428,7.8449,2.5109,7.8449
2,3,2.9482,10.836,0,0.46385,0.43656,2.7163,10.618,2.7163,11.054,3.1801,11.054,3.1801,10.618
2,5,2.9891,8.8304,0,0.60027,0.7367,2.689,8.4621,2.689,9.1988,3.2893,9.1988,3.2893,8.4621
3,1,10.001,5.9875,-1.5708,0.24423,0.08,9.9207,6.1096,9.9207,5.8653,10.081,5.8653,10.081,6.1096
3,1,10.001,3.7758,-1.5708,3.0936,0.08,9.9207,5.3226,9.9207,2.229,10.081,2.229,10.081,5.3226
3,1,10.001,1.4285,-1.5708,0.13568,0.08,9.9207,1.4963,9.9207,1.3606,10.081,1.3606,10.081,1.4963
3,0,10.001,3.7351,-1.5708,4.749,0.08,9.9207,6.1096,9.9207,1.3606,10.081,1.3606,10.081,6.1096
3,1,12.267,6.1096,3.1416,4.5319,0.08,14.533,6.1896,10.001,6.1896,10.001,6.0296,14.533,6.0296
3,0,12.267,6.1096,3.1416,4.5319,0.08,14.533,6.1896,10.001,6.1896,10.001,6.0296,14.533,6.0296
3,1,14.533,3.7351,1.5708,4.749,0.08,14.613,1.3606,14.613,6.1096,14.453,6.1096,14.453,1.3606
3,0,14.533,3.7351,1.5708,4.749,0.08,14.613,1.3606,14.613,6.1096,14.453,6.1096,14.453,1.3606
3,1,12.267,1.3606,0,4.5319,0.08,10.001,1.2806,14.533,1.2806,14.533,1.4406,10.001,1.4406
3,0,12.267,1.3606,0,4.5319,0.08,10.001,1.2806,14.533,1.2806,14.533,1.4406,10.001,1.4406
4,1,10.136,8.4569,-1.5708,3.0122,0.08,10.056,9.963,10.056,6.9508,10.216,6.9508,10.216,9.963
4,1,10.136,6.1638,-1.5708,0.2171,0.08,10.056,6.2724,10.056,6.0553,10.216,6.0553,10.216,6.2724
4,0,10.136,8.0091,-1.5708,3.9077,0.08,10.056,9.963,10.056,6.0553,10.216,6.0553,10.216,9.963
4,1,12.348,9.963,3.1416,4.4233,0.08,14.56,10.043,10.136,10.043,10.136,9.883,14.56,9.883
4,0,12.348,9.963,3.1416,4.4233,0.08,14.56,10.043,10.136,10.043,10.136,9.883,14.56,9.883
4,1,14.56,8.0091,1.5708,3.9077,0.08,14.64,6.0553,14.64,9.963,14.48,9.963,14.48,6.0553
4,0,14.56,8.0091,1.5708,3.9077,0.08,14.64,6.0553,14.64,9.963,14.48,9.963,14.48,6.0553
4,1,12.348,6.0553,0,4.4233,0.08,10.136,5.9753,14.56,5.9753,14.56,6.1353,10.136,6.1353
4,0,12.348,6.0553,0,4.4233,0.08,10.136,5.9753,14.56,5.9753,14.56,6.1353,10.136,6.1353
5,1,7.7755,2.6496,-1.5708,2.578,0.08,7.6955,3.9386,7.6955,1.3606,7.8555,1.3606,7.8555,3.9386
5,0,7.7755,2.6496,-1.5708,2.578,0.08,7.6955,3.9386,7.6955,1.3606,7.8555,1.3606,7.8555,3.9386
5,1,8.8881,1.3606,0,2.2252,0.08,7.7755,1.2806,10.001,1.2806,10.001,1.4406,7.7755,1.4406
5,0,8.8881,1.3606,0,2.2252,0.08,7.7755,1.2806,10.001,1.2806,10.001,1.4406,7.7755,1.4406
5,1,10.001,1.4285,1.5708,0.13568,0.08,10.081,1.3606,10.081,1.4963,9.9207,1.4963,9.9207,1.3606
5,1,10.001,3.0838,1.5708,1.7096,0.08,10.081,2.229,10.081,3.9386,9.9207,3.9386,9.9207,2.229
5,0,10.001,2.6496,1.5708,2.578,0.08,10.081,1.3606,10.081,3.9386,9.9207,3.9386,9.9207,1.3606
5,1,8.8881,3.9386,3.1416,2.2252,0.08,10.001,4.0186,7.7755,4.0186,7.7755,3.8586,10.001,3.8586
5,0,8.8881,3.9386,3.1416,2.2252,0.08,10.001,4.0186,7.7755,4.0186,7.7755,3.8586,10.001,3.8586
5,2,8.4053,2.5549,0,0.62756,0.46385,8.0915,2.3229,8.0915,2.7868,8.719,2.7868,8.719,2.3229
5,3,8.0778,1.8182,0,0.35471,0.40928,7.9005,1.6135,7.9005,2.0228,8.2552,2.0228,8.2552,1.6135
6,1,7.7755,9.9766,-1.5708,3.8806,0.08,7.6955,11.917,7.6955,8.0363,7.8555,8.0363,7.8555,11.917
6,0,7.7755,9.9766,-1.5708,3.8806,0.08,7.6955,11.917,7.6955,8.0363,7.8555,8.0363,7.8555,11.917
6,1,8.9559,11.917,3.1416,2.3609,0.08,10.136,11.997,7.7755,11.997,7.7755,11.837,10.136,11.837
6,0,8.9559,11.917,3.1416,2.3609,0.08,10.136,11.997,7.7755,11.997,7.7755,11.837,10.136,11.837
6,1,10.136,9.9766,1.5708,3.8806,0.08,10.216,8.0363,10.216,11.917,10.056,11.917,10.056,8.0363
6,0,10.136,9.9766,1.5708,3.8806,0.08,10.216,8.0363,10.216,11.917,10.056,11.917,10.056,8.0363
6,1,8.4946,8.0363,0,1.4383,0.08,7.7755,7.9563,9.2137,7.9563,9.2137,8.1163,7.7755,8.1163
6,1,9.2409,8.0363,3.1416,1.2483,0.08,9.865,8.1163,8.6167,8.1163,8.6167,7.9563,9.865,7.9563
6,1,9.3901,8.0363,0,1.4925,0.08,8.6438,7.9563,10.136,7.9563,10.136,8.1163,8.6438,8.1163
6,0,8.9559,8.0363,0,2.3609,0.08,7.7755,7.9563,10.136,7.9563,10.136,8.1163,7.7755,8.1163
6,2,8.5008,10.386,0,0.76398,0.51842,8.1188,10.126,8.1188,10.645,8.8827,10.645,8.8827,10.126
6,3,8.2961,9.6763,0,0.40928,0.40928,8.0915,9.4716,8.0915,9.8809,8.5008,9.8809,8.5008,9.4716
