1,1,2.8565,9.2324,-1.5708,0.30058,0.08,2.7765,9.3827,2.7765,9.0821,2.9365,9.0821,2.9365,9.3827
1,1,2.8565,7.3215,-1.5708,2.1041,0.08,2.7765,8.3736,2.7765,6.2695,2.9365,6.2695,2.9365,8.3736
1,0,2.8565,7.8261,-1.5708,3.1132,0.08,2.7765,9.3827,2.7765,6.2695,2.9365,6.2695,2.9365,9.3827
1,1,6.1521,9.3827,3.1416,0.19323,0.08,6.2488,9.4627,6.0555,9.4627,6.0555,9.3027,6.2488,9.3027
1,1,4.0588,9.3827,3.1416,2.4047,0.08,5.2611,9.4627,2.8565,9.4627,2.8565,9.3027,5.2611,9.3027
1,0,4.5526,9.3827,3.1416,3.3923,0.08,6.2488,9.4627,2.8565,9.4627,2.8565,9.3027,6.2488,9.3027
1,1,6.2488,7.8261,1.5708,3.1132,0.08,6.3288,6.2695,6.3288,9.3827,6.1688,9.3827,6.1688,6.2695
1,0,6.2488,7.8261,1.5708,3.1132,0.08,6.3288,6.2695,6.3288,9.3827,6.1688,9.3827,6.1688,6.2695
1,1,4.5526,6.2695,0,3.3923,0.08,2.8565,6.1895,6.2488,6.1895,6.2488,6.3495,2.8565,6.3495
1,0,4.5526,6.2695,0,3.3923,0.08,2.8565,6.1895,6.2488,6.1895,6.2488,6.3495,2.8565,6.3495
2,1,4.1554,2.4263,0,4.3585,0.08,1.9762,2.3463,6.3346,2.3463,6.3346,2.5063,1.9762,2.5063
2,0,4.1554,2.4263,0,4.3585,0.08,1.9762,2.3463,6.3346,2.3463,6.3346,2.5063,1.9762,2.5063
2,1,6.3776,2.7913,1.4537,0.73502,0.08,6.4141,2.417,6.5,3.147,6.3411,3.1657,6.2552,2.4357
2,0,6.3776,2.7913,1.4537,0.73502,0.08,6.4141,2.417,6.5,3.147,6.3411,3.1657,6.2552,2.4357
2,1,6.7211,3.4462,0.76722,0.83513,0.08,6.4761,3.0987,7.0772,3.6784,6.9662,3.7936,6.365,3.2139
2,0,6.7211,3.4462,0.76722,0.83513,0.08,6.4761,3.0987,7.0772,3.6784,6.9662,3.7936,6.365,3.2139
2,1,7.0324,4.2835,1.5512,1.0952,0.08,7.1017,3.7344,7.1231,4.8294,6.9632,4.8326,6.9417,3.7376
2,0,7.0324,4.2835,1.5512,1.0952,0.08,7.1017,3.7344,7.1231,4.8294,6.9632,4.8326,6.9417,3.7376
2,1,6.6782,5.1853,2.3711,1.0173,0.08,7.0989,4.8884,6.3689,5.5969,6.2575,5.4821,6.9874,4.7736
2,0,6.6782,5.1853,2.3711,1.0173,0.08,7.0989,4.8884,6.3689,5.5969,6.2575,5.4821,6.9874,4.7736
2,1,6.3239,5.7972,1.5292,0.51573,0.08,6.3931,5.5362,6.4146,6.0515,6.2547,6.0581,6.2332,5.5428
2,0,6.3239,5.7972,1.5292,0.51573,0.08,6.3931,5.5362,6.4146,6.0515,6.2547,6.0581,6.2332,5.5428
2,1,4.1232,6.0977,3.1222,4.4237,0.08,6.3362,6.1348,1.9133,6.2207,1.9102,6.0607,6.3331,5.9748
2,0,4.1232,6.0977,3.1222,4.4237,0.08,6.3362,6.1348,1.9133,6.2207,1.9102,6.0607,6.3331,5.9748
2,1,1.9131,6.0659,-1.5535,0.14952,0.08,1.8318,6.1393,1.8344,5.9898,1.9944,5.9926,1.9918,6.1421
2,1,1.9516,3.8441,-1.5535,2.8359,0.08,1.847,5.2604,1.8962,2.4249,2.0562,2.4277,2.007,5.2632
2,0,1.944,4.2835,-1.5535,3.7149,0.08,1.8318,6.1393,1.8962,2.4249,2.0562,2.4277,1.9918,6.1421
3,1,2.7921,10.982,1.5708,1.3956,0.08,2.8721,10.284,2.8721,11.68,2.7121,11.68,2.7121,10.284
3,0,2.7921,10.982,1.5708,1.3956,0.08,2.8721,10.284,2.8721,11.68,2.7121,11.68,2.7121,10.284
3,1,2.3519,11.68,3.1416,0.88028,0.08,2.7921,11.76,1.9118,11.76,1.9118,11.6,2.7921,11.6
3,0,2.3519,11.68,3.1416,0.88028,0.08,2.7921,11.76,1.9118,11.76,1.9118,11.6,2.7921,11.6
3,1,1.9118,10.982,-1.5708,1.3956,0.08,1.8318,11.68,1.8318,10.284,1.9918,10.284,1.9918,11.68
3,0,1.9118,10.982,-1.5708,1.3956,0.08,1.8318,11.68,1.8318,10.284,1.9918,10.284,1.9918,11.68
3,1,1.9162,10.284,0,0.0088028,0.08,1.9118,10.204,1.9206,10.204,1.9206,10.364,1.9118,10.364
3,1,2.7877,10.284,0,0.0088028,0.08,2.7833,10.204,2.7921,10.204,2.7921,10.364,2.7833,10.364
3,0,2.3519,10.284,0,0.88028,0.08,1.9118,10.204,2.7921,10.204,2.7921,10.364,1.9118,10.364
3,2,2.226,11.248,0,0.55738,0.67682,1.9473,10.91,1.9473,11.586,2.5047,11.586,2.5047,10.91
3,3,2.6042,10.82,0,0.23888,0.41803,2.4848,10.611,2.4848,11.029,2.7237,11.029,2.7237,10.611
4,1,4.7458,10.606,1.5708,2.2329,0.08,4.8258,9.49,4.8258,11.723,4.6658,11.723,4.6658,9.49
4,0,4.7458,10.606,1.5708,2.2329,0.08,4.8258,9.49,4.8258,11.723,4.6658,11.723,4.6658,9.49
4,1,3.8334,11.723,3.1416,1.825,0.08,4.7458,11.803,2.9209,11.803,2.9209,11.643,4.7458,11.643
4,0,3.8334,11.723,3.1416,1.825,0.08,4.7458,11.803,2.9209,11.803,2.9209,11.643,4.7458,11.643
4,1,2.9209,10.982,-1.5708,1.4814,0.08,2.8409,11.723,2.8409,10.241,3.0009,10.241,3.0009,11.723
4,1,2.9209,9.5008,-1.5708,0.02147,0.08,2.8409,9.5115,2.8409,9.49,3.0009,9.49,3.0009,9.5115
4,0,2.9209,10.606,-1.5708,2.2329,0.08,2.8409,11.723,2.8409,9.49,3.0009,9.49,3.0009,11.723
4,1,3.8334,9.49,0,1.825,0.08,2.9209,9.41,4.7458,9.41,4.7458,9.57,2.9209,9.57
4,0,3.8334,9.49,0,1.825,0.08,2.9209,9.41,4.7458,9.41,4.7458,9.57,2.9209,9.57
4,3,3.7389,11.328,0,0.71663,0.47775,3.3806,11.089,3.3806,11.567,4.0972,11.567,4.0972,11.089
4,5,4.3062,10.173,0,0.45785,0.59719,4.0773,9.8745,4.0773,10.472,4.5351,10.472,4.5351,9.8745
5,1,0.21563,3.5643,-1.5708,2.3617,0.08,0.13563,4.7451,0.13563,2.3834,0.29563,2.3834,0.29563,4.7451
5,0,0.21563,3.5643,-1.5708,2.3617,0.08,0.13563,4.7451,0.13563,2.3834,0.29563,2.3834,0.29563,4.7451
5,1,1.5683,4.7451,3.1416,0.64411,0.08,1.8903,4.8251,1.2462,4.8251,1.2462,4.6651,1.8903,4.6651
5,1,0.35519,4.7451,3.1416,0.27911,0.08,0.49475,4.8251,0.21563,4.8251,0.21563,4.6651,0.49475,4.6651
5,0,1.053,4.7451,3.1416,1.6747,0.08,1.8903,4.8251,0.21563,4.8251,0.21563,4.6651,1.8903,4.6651
5,1,1.8903,3.5643,1.5708,2.3617,0.08,1.9703,2.3834,1.9703,4.7451,1.8103,4.7451,1.8103,2.3834
5,0,1.8903,3.5643,1.5708,2.3617,0.08,1.9703,2.3834,1.9703,4.7451,1.8103,4.7451,1.8103,2.3834
5,1,1.053,2.3834,0,1.6747,0.08,0.21563,2.3034,1.8903,2.3034,1.8903,2.4634,0.21563,2.4634
5,0,1.053,2.3834,0,1.6747,0.08,0.21563,2.3034,1.8903,2.3034,1.8903,2.4634,0.21563,2.4634
6,1,4.8103,10.531,-1.5708,2.0826,0.08,4.7303,11.573,4.7303,9.49,4.8903,9.49,4.8903,11.573
6,0,4.8103,10.531,-1.5708,2.0826,0.08,4.7303,11.573,4.7303,9.49,4.8903,9.49,4.8903,11.573
6,1,5.9267,11.573,3.1416,2.2329,0.08,7.0432,11.653,4.8103,11.653,4.8103,11.493,7.0432,11.493
6,0,5.9267,11.573,3.1416,2.2329,0.08,7.0432,11.653,4.8103,11.653,4.8103,11.493,7.0432,11.493
6,1,7.0432,10.531,1.5708,2.0826,0.08,7.1232,9.49,7.1232,11.573,6.9632,11.573,6.9632,9.49
6,0,7.0432,10.531,1.5708,2.0826,0.08,7.1232,9.49,7.1232,11.573,6.9632,11.573,6.9632,9.49
6,1,4.9713,9.49,0,0.32205,0.08,4.8103,9.41,5.1323,9.41,5.1323,9.57,4.8103,9.57
6,1,6.4957,9.49,0,1.095,0.08,5.9482,9.41,7.0432,9.41,7.0432,9.57,5.9482,9.57
6,0,5.9267,9.49,0,2.2329,0.08,4.8103,9.41,7.0432,9.41,7.0432,9.57,4.8103,9.57
6,3,5.7793,11.258,0,0.45785,0.37822,5.5504,11.069,5.5504,11.447,6.0082,11.447,6.0082,11.069
