1,1,6.2642,5.3915,-1.5708,2.8644,0.08,6.1842,6.8237,6.1842,3.9593,6.3442,3.9593,6.3442,6.8237
1,0,6.2642,5.3915,-1.5708,2.8644,0.08,6.1842,6.8237,6.1842,3.9593,6.3442,3.9593,6.3442,6.8237
1,1,8.722,6.8237,3.1416,0.95481,0.08,9.1994,6.9037,8.2446,6.9037,8.2446,6.7437,9.1994,6.7437
1,1,6.7593,6.8237,3.1416,0.99017,0.08,7.2544,6.9037,6.2642,6.9037,6.2642,6.7437,7.2544,6.7437
1,0,7.7318,6.8237,3.1416,2.9351,0.08,9.1994,6.9037,6.2642,6.9037,6.2642,6.7437,9.1994,6.7437
1,1,9.1994,5.3915,1.5708,2.8644,0.08,9.2794,3.9593,9.2794,6.8237,9.1194,6.8237,9.1194,3.9593
1,0,9.1994,5.3915,1.5708,2.8644,0.08,9.2794,3.9593,9.2794,6.8237,9.1194,6.8237,9.1194,3.9593
1,1,7.7318,3.9593,0,2.9351,0.08,6.2642,3.8793,9.1994,3.8793,9.1994,4.0393,6.2642,4.0393
1,0,7.7318,3.9593,0,2.9351,0.08,6.2642,3.8793,9.1994,3.8793,9.1994,4.0393,6.2642,4.0393
2,1,6.7063,6.7883,0,0.88408,0.08,6.2642,6.7083,7.1483,6.7083,7.1483,6.8683,6.2642,6.8683
2,1,8.5805,6.7883,0,1.0255,0.08,8.0678,6.7083,9.0933,6.7083,9.0933,6.8683,8.0678,6.8683
2,0,7.6788,6.7883,0,2.8291,0.08,6.2642,6.7083,9.0933,6.7083,9.0933,6.8683,6.2642,6.8683
2,1,9.111,7.5663,1.5481,1.5564,0.08,9.1733,6.7865,9.2086,8.3425,9.0487,8.3461,9.0133,6.7901
2,0,9.111,7.5663,1.5481,1.5564,0.08,9.1733,6.7865,9.2086,8.3425,9.0487,8.3461,9.0133,6.7901
2,1,8.2623,8.362,3.1212,1.7332,0.08,9.1303,8.4243,7.3975,8.4597,7.3942,8.2997,9.127,8.2643
2,0,8.2623,8.362,3.1212,1.7332,0.08,9.1303,8.4243,7.3975,8.4597,7.3942,8.2997,9.127,8.2643
2,1,7.3782,9.8119,1.5831,2.8646,0.08,7.4759,8.3807,7.4405,11.245,7.2805,11.243,7.3159,8.3787
2,0,7.3782,9.8119,1.5831,2.8646,0.08,7.4759,8.3807,7.4405,11.245,7.2805,11.243,7.3159,8.3787
2,1,7.2898,11.244,-3.1416,0.14145,0.08,7.3605,11.324,7.219,11.324,7.219,11.164,7.3605,11.164
2,1,5.4509,11.244,3.1416,2.0511,0.08,6.4764,11.324,4.4254,11.324,4.4254,11.164,6.4764,11.164
2,0,5.8929,11.244,3.1416,2.9351,0.08,7.3605,11.324,4.4254,11.324,4.4254,11.164,7.3605,11.164
2,1,4.39,9.8472,-1.5961,2.7946,0.08,4.3454,11.246,4.2747,8.4524,4.4346,8.4484,4.5053,11.242
2,0,4.39,9.8472,-1.5961,2.7946,0.08,4.3454,11.246,4.2747,8.4524,4.4346,8.4484,4.5053,11.242
2,1,5.3625,8.3974,-0.052583,2.0185,0.08,4.3504,8.3705,6.3661,8.2644,6.3745,8.4242,4.3588,8.5303
2,0,5.3625,8.3974,-0.052583,2.0185,0.08,4.3504,8.3705,6.3661,8.2644,6.3745,8.4242,4.3588,8.5303
2,1,6.3173,7.5663,-1.6389,1.5596,0.08,6.2905,8.3497,6.1844,6.7938,6.3441,6.7829,6.4501,8.3389
2,0,6.3173,7.5663,-1.6389,1.5596,0.08,6.2905,8.3497,6.1844,6.7938,6.3441,6.7829,6.4501,8.3389
3,1,4.39,12.853,-1.5708,1.8035,0.08,4.31,13.755,4.31,11.951,4.47,11.951,4.47,13.755
3,0,4.39,12.853,-1.5708,1.8035,0.08,4.31,13.755,4.31,11.951,4.47,11.951,4.47,13.755
3,1,5.3802,13.755,3.1416,1.9803,0.08,6.3703,13.835,4.39,13.835,4.39,13.675,6.3703,13.675
3,0,5.3802,13.755,3.1416,1.9803,0.08,6.3703,13.835,4.39,13.835,4.39,13.675,6.3703,13.675
3,1,6.3703,12.853,1.5708,1.8035,0.08,6.4503,11.951,6.4503,13.755,6.2903,13.755,6.2903,11.951
3,0,6.3703,12.853,1.5708,1.8035,0.08,6.4503,11.951,6.4503,13.755,6.2903,13.755,6.2903,11.951
3,1,4.8143,11.951,0,0.84872,0.08,4.39,11.871,5.2387,11.871,5.2387,12.031,4.39,12.031
3,1,6.2996,11.951,0,0.14145,0.08,6.2289,11.871,6.3703,11.871,6.3703,12.031,6.2289,12.031
3,0,5.3802,11.951,0,1.9803,0.08,4.39,11.871,6.3703,11.871,6.3703,12.031,4.39,12.031
3,2,4.9156,12.472,0,0.68208,0.51968,4.5745,12.213,4.5745,12.732,5.2566,12.732,5.2566,12.213
3,3,6.0524,12.862,0,0.29232,0.51968,5.9062,12.602,5.9062,13.122,6.1985,13.122,6.1985,12.602
3,4,4.8831,13.414,0,0.55216,0.38976,4.607,13.219,4.607,13.609,5.1592,13.609,5.1592,13.219
4,1,6.3703,13.048,-1.5708,1.4853,0.08,6.2903,13.79,6.2903,12.305,6.4503,12.305,6.4503,13.79
4,0,6.3703,13.048,-1.5708,1.4853,0.08,6.2903,13.79,6.2903,12.305,6.4503,12.305,6.4503,13.79
4,1,5.3448,13.773,0.01724,2.0514,0.08,4.3206,13.675,6.3717,13.71,6.369,13.87,4.3179,13.835
4,0,5.3448,13.773,0.01724,2.0514,0.08,4.3206,13.675,6.3717,13.71,6.369,13.87,4.3179,13.835
4,1,4.3369,15.116,-1.5838,2.7232,0.08,4.2746,16.479,4.2393,13.756,4.3993,13.754,4.4346,16.477
4,0,4.3369,15.116,-1.5838,2.7232,0.08,4.2746,16.479,4.2393,13.756,4.3993,13.754,4.4346,16.477
4,1,6.7947,16.442,3.1271,4.8806,0.08,9.2359,16.487,4.3558,16.558,4.3535,16.398,9.2336,16.327
4,0,6.7947,16.442,3.1271,4.8806,0.08,9.2359,16.487,4.3558,16.558,4.3535,16.398,9.2336,16.327
4,1,9.1463,14.356,1.5277,4.1059,0.08,9.1379,12.302,9.3147,16.404,9.1548,16.411,8.978,12.308
4,0,9.1463,14.356,1.5277,4.1059,0.08,9.1379,12.302,9.3147,16.404,9.1548,16.411,8.978,12.308
4,1,7.7141,12.305,0,2.6876,0.08,6.3703,12.225,9.0579,12.225,9.0579,12.385,6.3703,12.385
4,0,7.7141,12.305,0,2.6876,0.08,6.3703,12.225,9.0579,12.225,9.0579,12.385,6.3703,12.385
4,3,5.2891,14.178,0,0.51968,0.42224,5.0292,13.966,5.0292,14.389,5.5489,14.389,5.5489,13.966
4,5,5.6788,15.996,0,0.58464,0.55216,5.3865,15.72,5.3865,16.273,5.9712,16.273,5.9712,15.72
