1,1,8.6642,3.0981,-1.5708,2.8722,0.08,8.5842,4.5342,8.5842,1.6619,8.7442,1.6619,8.7442,4.5342
1,0,8.6642,3.0981,-1.5708,2.8722,0.08,8.5842,4.5342,8.5842,1.6619,8.7442,1.6619,8.7442,4.5342
1,1,11.501,4.5342,3.1416,0.2467,0.08,11.625,4.6142,11.378,4.6142,11.378,4.4542,11.625,4.4542
1,1,9.7744,4.5342,3.1416,2.2203,0.08,10.884,4.6142,8.6642,4.6142,8.6642,4.4542,10.884,4.4542
1,0,10.144,4.5342,3.1416,2.9604,0.08,11.625,4.6142,8.6642,4.6142,8.6642,4.4542,11.625,4.4542
1,1,11.625,3.0981,1.5708,2.8722,0.08,11.705,1.6619,11.705,4.5342,11.545,4.5342,11.545,1.6619
1,0,11.625,3.0981,1.5708,2.8722,0.08,11.705,1.6619,11.705,4.5342,11.545,4.5342,11.545,1.6619
1,1,10.144,1.6619,0,2.9604,0.08,8.6642,1.5819,11.625,1.5819,11.625,1.7419,8.6642,1.7419
1,0,10.144,1.6619,0,2.9604,0.08,8.6642,1.5819,11.625,1.5819,11.625,1.7419,8.6642,1.7419
2,1,4.4175,3.0893,-1.5708,2.8546,0.08,4.3375,4.5166,4.3375,1.6619,4.4975,1.6619,4.4975,4.5166
2,0,4.4175,3.0893,-1.5708,2.8546,0.08,4.3375,4.5166,4.3375,1.6619,4.4975,1.6619,4.4975,4.5166
2,1,6.5321,4.5166,3.1416,4.2291,0.08,8.6466,4.5966,4.4175,4.5966,4.4175,4.4366,8.6466,4.4366
2,0,6.5321,4.5166,3.1416,4.2291,0.08,8.6466,4.5966,4.4175,4.5966,4.4175,4.4366,8.6466,4.4366
2,1,8.6466,3.0893,1.5708,2.8546,0.08,8.7266,1.6619,8.7266,4.5166,8.5666,4.5166,8.5666,1.6619
2,0,8.6466,3.0893,1.5708,2.8546,0.08,8.7266,1.6619,8.7266,4.5166,8.5666,4.5166,8.5666,1.6619
2,1,6.5321,1.6619,0,4.2291,0.08,4.4175,1.5819,8.6466,1.5819,8.6466,1.7419,4.4175,1.7419
2,0,6.5321,1.6619,0,4.2291,0.08,4.4175,1.5819,8.6466,1.5819,8.6466,1.7419,4.4175,1.7419
3,1,4.5233,6.5694,-1.5708,2.1674,0.08,4.4433,7.6531,4.4433,5.4857,4.6033,5.4857,4.6033,7.6531
3,0,4.5233,6.5694,-1.5708,2.1674,0.08,4.4433,7.6531,4.4433,5.4857,4.6033,5.4857,4.6033,7.6531
3,1,5.6774,7.6531,3.1416,2.3084,0.08,6.8316,7.7331,4.5233,7.7331,4.5233,7.5731,6.8316,7.5731
3,0,5.6774,7.6531,3.1416,2.3084,0.08,6.8316,7.7331,4.5233,7.7331,4.5233,7.5731,6.8316,7.5731
3,1,6.8316,6.5694,1.5708,2.1674,0.08,6.9116,5.4857,6.9116,7.6531,6.7516,7.6531,6.7516,5.4857
3,0,6.8316,6.5694,1.5708,2.1674,0.08,6.9116,5.4857,6.9116,7.6531,6.7516,7.6531,6.7516,5.4857
3,1,5.0695,5.4857,0,1.0925,0.08,4.5233,5.4057,5.6158,5.4057,5.6158,5.5657,4.5233,5.5657
3,1,6.488,5.4857,0,0.68722,0.08,6.1444,5.4057,6.8316,5.4057,6.8316,5.5657,6.1444,5.5657
3,0,5.6774,5.4857,0,2.3084,0.08,4.5233,5.4057,6.8316,5.4057,6.8316,5.5657,4.5233,5.5657
3,2,4.9213,6.9574,0,0.52302,0.41842,4.6598,6.7482,4.6598,7.1666,5.1828,7.1666,5.1828,6.7482
3,3,6.5035,6.0291,0,0.28766,0.86298,6.3596,5.5976,6.3596,6.4606,6.6473,6.4606,6.6473,5.5976
4,1,4.4352,10.296,-1.5708,2.1145,0.08,4.3552,11.354,4.3552,9.239,4.5152,9.239,4.5152,11.354
4,0,4.4352,10.296,-1.5708,2.1145,0.08,4.3552,11.354,4.3552,9.239,4.5152,9.239,4.5152,11.354
4,1,6.5937,11.354,3.1416,4.3172,0.08,8.7523,11.434,4.4352,11.434,4.4352,11.274,8.7523,11.274
4,0,6.5937,11.354,3.1416,4.3172,0.08,8.7523,11.434,4.4352,11.434,4.4352,11.274,8.7523,11.274
4,1,8.7523,9.6003,1.5708,0.72247,0.08,8.8323,9.239,8.8323,9.9615,8.6723,9.9615,8.6723,9.239
4,1,8.7523,10.878,1.5708,0.95154,0.08,8.8323,10.402,8.8323,11.354,8.6723,11.354,8.6723,10.402
4,0,8.7523,10.296,1.5708,2.1145,0.08,8.8323,9.239,8.8323,11.354,8.6723,11.354,8.6723,9.239
4,1,6.5937,9.239,0,4.3172,0.08,4.4352,9.159,8.7523,9.159,8.7523,9.319,4.4352,9.319
4,0,6.5937,9.239,0,4.3172,0.08,4.4352,9.159,8.7523,9.159,8.7523,9.319,4.4352,9.319
4,3,6.085,9.4679,0,0.70608,0.36611,5.732,9.2849,5.732,9.651,6.4381,9.651,6.4381,9.2849
4,5,4.8429,10.187,0,0.52302,0.44457,4.5814,9.9648,4.5814,10.409,5.1044,10.409,5.1044,9.9648
5,1,8.3294,5.3271,-1.5708,1.5507,0.08,8.2494,6.1025,8.2494,4.5518,8.4094,4.5518,8.4094,6.1025
5,0,8.3294,5.3271,-1.5708,1.5507,0.08,8.2494,6.1025,8.2494,4.5518,8.4094,4.5518,8.4094,6.1025
5,1,9.0959,6.1025,3.1416,1.533,0.08,9.8625,6.1825,8.3294,6.1825,8.3294,6.0225,9.8625,6.0225
5,0,9.0959,6.1025,3.1416,1.533,0.08,9.8625,6.1825,8.3294,6.1825,8.3294,6.0225,9.8625,6.0225
5,1,9.8625,4.8073,1.5708,0.51101,0.08,9.9425,4.5518,9.9425,5.0628,9.7825,5.0628,9.7825,4.5518
5,1,9.8625,5.7589,1.5708,0.68722,0.08,9.9425,5.4152,9.9425,6.1025,9.7825,6.1025,9.7825,5.4152
5,0,9.8625,5.3271,1.5708,1.5507,0.08,9.9425,4.5518,9.9425,6.1025,9.7825,6.1025,9.7825,4.5518
5,1,9.0959,4.5518,0,1.533,0.08,8.3294,4.4718,9.8625,4.4718,9.8625,4.6318,8.3294,4.6318
5,0,9.0959,4.5518,0,1.533,0.08,8.3294,4.4718,9.8625,4.4718,9.8625,4.6318,8.3294,4.6318
5,2,8.7263,4.8784,0,0.70608,0.33996,8.3733,4.7085,8.3733,5.0484,9.0793,5.0484,9.0793,4.7085
5,3,8.6217,5.3099,0,0.44457,0.31381,8.3994,5.153,8.3994,5.4668,8.844,5.4668,8.844,5.153
5,4,9.1186,5.7937,0,1.2291,0.44457,8.504,5.5714,8.504,6.016,9.7331,6.016,9.7331,5.5714
6,1,8.3559,6.5254,-1.5916,0.846,0.08,8.2847,6.9499,8.2671,6.1041,8.427,6.1008,8.4447,6.9466
6,0,8.3559,6.5254,-1.5916,0.846,0.08,8.2847,6.9499,8.2671,6.1041,8.427,6.1008,8.4447,6.9466
6,1,11.484,6.9483,3.1416,0.2467,0.08,11.607,7.0283,11.36,7.0283,11.36,6.8683,11.607,6.8683
6,1,9.5805,6.9483,3.1416,2.4317,0.08,10.796,7.0283,8.3647,7.0283,8.3647,6.8683,10.796,6.8683
6,0,9.9858,6.9483,3.1416,3.2423,0.08,11.607,7.0283,8.3647,7.0283,8.3647,6.8683,11.607,6.8683
6,1,11.616,5.75,1.5781,2.3965,0.08,11.705,4.5524,11.687,6.9489,11.527,6.9477,11.545,4.5512
6,0,11.616,5.75,1.5781,2.3965,0.08,11.705,4.5524,11.687,6.9489,11.527,6.9477,11.545,4.5512
6,1,10.321,4.5518,0,0.95154,0.08,9.8448,4.4718,10.796,4.4718,10.796,4.6318,9.8448,4.6318
6,1,11.51,4.5518,0,0.22907,0.08,11.396,4.4718,11.625,4.4718,11.625,4.6318,11.396,4.6318
6,0,10.735,4.5518,0,1.7797,0.08,9.8448,4.4718,11.625,4.4718,11.625,4.6318,9.8448,4.6318
6,1,9.8589,5.759,-1.5824,0.61649,0.08,9.7825,6.0682,9.7753,5.4517,9.9353,5.4498,9.9425,6.0663
6,1,9.8481,4.8339,-1.5824,0.56425,0.08,9.7714,5.1169,9.7649,4.5527,9.9248,4.5509,9.9314,5.1151
6,0,9.8537,5.3095,-1.5824,1.5155,0.08,9.7825,6.0682,9.7649,4.5527,9.9248,4.5509,9.9425,6.0663
6,1,9.1048,6.0848,-0.023252,1.5158,0.08,8.3452,6.0225,9.8606,5.9872,9.8643,6.1472,8.3489,6.1824
6,0,9.1048,6.0848,-0.023252,1.5158,0.08,8.3452,6.0225,9.8606,5.9872,9.8643,6.1472,8.3489,6.1824
7,1,8.7813,9.8294,-1.5748,3.1542,0.08,8.7076,11.407,8.695,8.2526,8.855,8.252,8.8676,11.406
7,1,8.7727,7.6883,-1.5748,0.45836,0.08,8.6936,7.9178,8.6918,7.4595,8.8518,7.4588,8.8536,7.9172
7,1,8.7768,8.7102,1.5668,3.3832,0.08,8.85,7.0183,8.8636,10.401,8.7036,10.402,8.69,7.0189
7,1,8.776,8.5077,-1.5748,3.0132,0.08,8.702,10.015,8.69,7.0015,8.85,7.0008,8.862,10.014
7,0,8.7788,9.2038,-1.5748,4.4053,0.08,8.7076,11.407,8.69,7.0015,8.85,7.0008,8.8676,11.406
7,1,6.629,11.389,0.0081631,4.3173,0.08,4.471,11.291,8.7882,11.326,8.7869,11.486,4.4697,11.451
7,0,6.629,11.389,0.0081631,4.3173,0.08,4.471,11.291,8.7882,11.326,8.7869,11.486,4.4697,11.451
7,1,4.4528,13.609,-1.5629,4.4759,0.08,4.3552,15.846,4.3904,11.371,4.5504,11.372,4.5152,15.848
7,0,4.4528,13.609,-1.5629,4.4759,0.08,4.3552,15.846,4.3904,11.371,4.5504,11.372,4.5152,15.848
7,1,7.1136,15.838,3.1383,5.3569,0.08,9.7922,15.909,4.4354,15.927,4.4349,15.767,9.7917,15.749
7,0,7.1136,15.838,3.1383,5.3569,0.08,9.7922,15.909,4.4354,15.927,4.4349,15.767,9.7917,15.749
7,1,9.7832,15.31,1.5538,1.0398,0.08,9.8543,14.788,9.872,15.828,9.712,15.831,9.6944,14.791
7,0,9.7832,15.31,1.5538,1.0398,0.08,9.8543,14.788,9.872,15.828,9.712,15.831,9.6944,14.791
7,1,10.779,14.805,-3.1264,0.31714,0.08,10.936,14.887,10.619,14.882,10.621,14.723,10.939,14.727
7,1,9.9421,14.792,-3.1264,0.33556,0.08,10.109,14.875,9.7731,14.87,9.7756,14.71,10.111,14.715
7,0,10.356,14.799,-3.1264,1.1631,0.08,10.936,14.887,9.7731,14.87,9.7756,14.71,10.939,14.727
7,1,10.92,13.785,1.5536,2.0444,0.08,10.982,12.762,11.017,14.806,10.857,14.809,10.822,12.765
7,0,10.92,13.785,1.5536,2.0444,0.08,10.982,12.762,11.017,14.806,10.857,14.809,10.822,12.765
7,1,11.272,12.746,3.094,0.74093,0.08,11.646,12.808,10.906,12.843,10.898,12.683,11.638,12.648
7,0,11.272,12.746,3.094,0.74093,0.08,11.646,12.808,10.906,12.843,10.898,12.683,11.638,12.648
7,1,11.651,9.8381,1.5738,5.7798,0.08,11.74,6.9485,11.722,12.728,11.562,12.728,11.58,6.948
7,0,11.651,9.8381,1.5738,5.7798,0.08,11.74,6.9485,11.722,12.728,11.562,12.728,11.58,6.948
7,1,9.7836,6.9826,-0.018291,2.0277,0.08,8.7685,6.9212,10.796,6.8841,10.799,7.044,8.7714,7.0811
7,1,11.536,6.9505,-0.018291,0.24698,0.08,11.411,6.8728,11.658,6.8683,11.661,7.0283,11.414,7.0328
7,0,10.215,6.9747,-0.018291,2.8904,0.08,8.7685,6.9212,11.658,6.8683,11.661,7.0283,8.7714,7.0811
