1,1,2.457,3.3083,-1.5708,1.6086,0.08,2.377,4.1126,2.377,2.504,2.537,2.504,2.537,4.1126
1,0,2.457,3.3083,-1.5708,1.6086,0.08,2.377,4.1126,2.377,2.504,2.537,2.504,2.537,4.1126
1,1,1.8893,4.1221,-0.016665,1.1356,0.08,1.3202,4.0516,2.4557,4.0326,2.4583,4.1926,1.3228,4.2115
1,0,1.8893,4.1221,-0.016665,1.1356,0.08,1.3202,4.0516,2.4557,4.0326,2.4583,4.1926,1.3228,4.2115
1,1,1.3392,6.6769,-1.5777,0.35969,0.08,1.2604,6.8573,1.2579,6.4976,1.4179,6.4965,1.4204,6.8561
1,1,1.3281,5.0778,-1.5777,1.8926,0.08,1.2547,6.0246,1.2415,4.1321,1.4015,4.131,1.4147,6.0235
1,0,1.331,5.4941,-1.5777,2.7252,0.08,1.2604,6.8573,1.2415,4.1321,1.4015,4.131,1.4204,6.8561
1,1,4.1697,6.843,3.1367,2.1386,0.08,5.2393,6.9178,3.1008,6.9282,3.1,6.7682,5.2385,6.7578
1,1,1.9554,6.8537,3.1367,1.23,0.08,2.5708,6.9307,1.3408,6.9367,1.34,6.7767,2.57,6.7707
1,0,3.2897,6.8472,3.1367,3.8985,0.08,5.2393,6.9178,1.3408,6.9367,1.34,6.7767,5.2385,6.7578
1,1,5.2389,7.3677,-1.5708,1.0598,0.08,5.1589,7.8976,5.1589,6.8378,5.3189,6.8378,5.3189,7.8976
1,0,5.2389,7.3677,-1.5708,1.0598,0.08,5.1589,7.8976,5.1589,6.8378,5.3189,6.8378,5.3189,7.8976
1,1,6.6963,7.8724,3.1244,1.4759,0.08,7.4356,7.9397,5.9599,7.9651,5.9571,7.8052,7.4328,7.7797
1,1,5.3433,7.8958,3.1244,0.20879,0.08,5.4491,7.9739,5.2403,7.9775,5.2375,7.8176,5.4463,7.814
1,0,6.3366,7.8786,3.1244,2.1956,0.08,7.4356,7.9397,5.2403,7.9775,5.2375,7.8176,7.4328,7.7797
1,1,7.4058,5.9672,1.5558,3.7854,0.08,7.4574,4.0736,7.5142,7.8585,7.3542,7.8609,7.2974,4.076
1,0,7.4058,5.9672,1.5558,3.7854,0.08,7.4574,4.0736,7.5142,7.8585,7.3542,7.8609,7.2974,4.076
1,1,6.8286,4.0748,0,1.0976,0.08,6.2798,3.9948,7.3774,3.9948,7.3774,4.1548,6.2798,4.1548
1,0,6.8286,4.0748,0,1.0976,0.08,6.2798,3.9948,7.3774,3.9948,7.3774,4.1548,6.2798,4.1548
1,1,6.2703,3.2989,1.5586,1.5519,0.08,6.3408,2.522,6.3598,4.0738,6.1998,4.0757,6.1809,2.5239
1,0,6.2703,3.2989,1.5586,1.5519,0.08,6.3408,2.522,6.3598,4.0738,6.1998,4.0757,6.1809,2.5239
1,1,4.3589,2.5135,0.0049751,3.8039,0.08,2.4574,2.424,6.2612,2.4429,6.2605,2.6029,2.4566,2.584
1,0,4.3589,2.5135,0.0049751,3.8039,0.08,2.4574,2.424,6.2612,2.4429,6.2605,2.6029,2.4566,2.584
2,1,5.2389,9.667,-1.5708,3.5768,0.08,5.1589,11.455,5.1589,7.8786,5.3189,7.8786,5.3189,11.455
2,0,5.2389,9.667,-1.5708,3.5768,0.08,5.1589,11.455,5.1589,7.8786,5.3189,7.8786,5.3189,11.455
2,1,6.2892,11.455,3.1416,2.1006,0.08,7.3396,11.535,5.2389,11.535,5.2389,11.375,7.3396,11.375
2,0,6.2892,11.455,3.1416,2.1006,0.08,7.3396,11.535,5.2389,11.535,5.2389,11.375,7.3396,11.375
2,1,7.3396,9.667,1.5708,3.5768,0.08,7.4196,7.8786,7.4196,11.455,7.2596,11.455,7.2596,7.8786
2,0,7.3396,9.667,1.5708,3.5768,0.08,7.4196,7.8786,7.4196,11.455,7.2596,11.455,7.2596,7.8786
2,1,5.3241,7.8786,0,0.17032,0.08,5.2389,7.7986,5.4092,7.7986,5.4092,7.9586,5.2389,7.9586
2,1,6.6772,7.8786,-6.7046e-16,1.3247,0.08,6.0148,7.7986,7.3396,7.7986,7.3396,7.9586,6.0148,7.9586
2,0,6.2892,7.8786,0,2.1006,0.08,5.2389,7.7986,7.3396,7.7986,7.3396,7.9586,5.2389,7.9586
2,2,7.0035,9.1573,0,0.67405,0.56171,6.6665,8.8764,6.6665,9.4381,7.3406,9.4381,7.3406,8.8764
2,3,5.3746,8.9887,0,0.28085,0.33703,5.2342,8.8202,5.2342,9.1573,5.515,9.1573,5.515,8.8202
2,4,6.8069,10.87,0,0.78639,0.89874,6.4137,10.421,6.4137,11.32,7.2001,11.32,7.2001,10.421
3,1,2.1171,12.865,-1.5645,0.24637,0.08,2.0363,12.988,2.0379,12.741,2.1979,12.742,2.1963,12.989
3,1,2.1383,9.4775,-1.5645,5.0904,0.08,2.0424,12.022,2.0742,6.9319,2.2342,6.9329,2.2024,12.023
3,0,2.1353,9.9603,-1.5645,6.056,0.08,2.0363,12.988,2.0742,6.9319,2.2342,6.9329,2.1963,12.989
3,1,1.7379,12.988,0,0.75699,0.08,1.3594,12.908,2.1163,12.908,2.1163,13.068,1.3594,13.068
3,0,1.7379,12.988,0,0.75699,0.08,1.3594,12.908,2.1163,12.908,2.1163,13.068,1.3594,13.068
3,1,1.3594,13.991,-1.5708,2.006,0.08,1.2794,14.994,1.2794,12.988,1.4394,12.988,1.4394,14.994
3,0,1.3594,13.991,-1.5708,2.006,0.08,1.2794,14.994,1.2794,12.988,1.4394,12.988,1.4394,14.994
3,1,3.848,15.004,-3.1378,4.9772,0.08,6.3362,15.093,1.3591,15.074,1.3597,14.914,6.3369,14.933
3,0,3.848,15.004,-3.1378,4.9772,0.08,6.3362,15.093,1.3591,15.074,1.3597,14.914,6.3369,14.933
3,1,6.3176,15.288,-1.5019,0.55012,0.08,6.2189,15.557,6.2567,15.008,6.4164,15.019,6.3785,15.568
3,0,6.3176,15.288,-1.5019,0.55012,0.08,6.2189,15.557,6.2567,15.008,6.4164,15.019,6.3785,15.568
3,1,7.2828,15.578,-3.1249,0.30275,0.08,7.4328,15.661,7.1301,15.656,7.1328,15.496,7.4355,15.501
3,1,6.4411,15.564,-3.1249,0.28478,0.08,6.5821,15.647,6.2974,15.642,6.3,15.482,6.5848,15.487
3,0,6.8664,15.572,-3.1249,1.1356,0.08,7.4328,15.661,6.2974,15.642,6.3,15.482,7.4355,15.501
3,1,7.4247,13.537,1.5662,4.0878,0.08,7.4953,11.493,7.5142,15.581,7.3542,15.581,7.3353,11.494
3,0,7.4247,13.537,1.5662,4.0878,0.08,7.4953,11.493,7.5142,15.581,7.3542,15.581,7.3353,11.494
3,1,6.3271,11.465,0.026081,2.1771,0.08,5.241,11.356,7.4173,11.413,7.4132,11.573,5.2368,11.516
3,0,6.3271,11.465,0.026081,2.1771,0.08,5.241,11.356,7.4173,11.413,7.4132,11.573,5.2368,11.516
3,1,5.2389,9.1466,1.5708,4.5798,0.08,5.3189,6.8567,5.3189,11.436,5.1589,11.436,5.1589,6.8567
3,0,5.2389,9.1466,1.5708,4.5798,0.08,5.3189,6.8567,5.3189,11.436,5.1589,11.436,5.1589,6.8567
3,1,2.306,6.9287,-0.024535,0.30363,0.08,2.1522,6.8524,2.4558,6.845,2.4597,7.0049,2.1562,7.0124
3,1,4.1701,6.8829,-0.024535,2.1383,0.08,3.0993,6.8292,5.237,6.7767,5.2409,6.9367,3.1032,6.9891
3,0,3.6966,6.8945,-0.024535,3.0857,0.08,2.1522,6.8524,5.237,6.7767,5.2409,6.9367,2.1562,7.0124
3,3,4.8269,7.7108,0,0.47745,0.47745,4.5882,7.4721,4.5882,7.9496,5.0656,7.9496,5.0656,7.4721
3,5,4.9112,9.4943,0,0.42128,0.3932,4.7005,9.2977,4.7005,9.6909,5.1218,9.6909,5.1218,9.2977
