1,1,0.24215,6.6739,-1.5669,6.4052,0.08,0.14954,9.8762,0.17476,3.471,0.33476,3.4716,0.30954,9.8768
1,0,0.24215,6.6739,-1.5669,6.4052,0.08,0.14954,9.8762,0.17476,3.471,0.33476,3.4716,0.30954,9.8768
1,1,1.6354,9.9017,-3.1237,2.8122,0.08,3.0398,10.007,0.2281,9.9565,0.23097,9.7965,3.0427,9.8469
1,0,1.6354,9.9017,-3.1237,2.8122,0.08,3.0398,10.007,0.2281,9.9565,0.23097,9.7965,3.0427,9.8469
1,1,3.0476,10.166,-1.5971,0.47929,0.08,2.9739,10.408,2.9613,9.929,3.1212,9.9248,3.1338,10.404
1,0,3.0476,10.166,-1.5971,0.47929,0.08,2.9739,10.408,2.9613,9.929,3.1212,9.9248,3.1338,10.404
1,1,3.6339,10.412,-3.1307,1.1601,0.08,4.213,10.499,3.053,10.486,3.0547,10.326,4.2147,10.339
1,0,3.6339,10.412,-3.1307,1.1601,0.08,4.213,10.499,3.053,10.486,3.0547,10.326,4.2147,10.339
1,1,4.1949,7.8591,1.5634,5.1192,0.08,4.256,5.299,4.2938,10.418,4.1339,10.419,4.096,5.3002
1,0,4.1949,7.8591,1.5634,5.1192,0.08,4.256,5.299,4.2938,10.418,4.1339,10.419,4.096,5.3002
1,1,4.3778,5.3059,-3.1104,0.40367,0.08,4.577,5.3921,4.1735,5.3795,4.1785,5.2196,4.582,5.2322
1,0,4.3778,5.3059,-3.1104,0.40367,0.08,4.577,5.3921,4.1735,5.3795,4.1785,5.2196,4.582,5.2322
1,1,4.5703,3.9569,1.564,1.0216,0.08,4.6469,3.4456,4.6538,4.4672,4.4938,4.4682,4.4869,3.4467
1,1,4.5789,5.2302,1.564,0.16391,0.08,4.6584,5.1477,4.6595,5.3116,4.4995,5.3127,4.4984,5.1488
1,0,4.5732,4.3791,1.564,1.8661,0.08,4.6469,3.4456,4.6595,5.3116,4.4995,5.3127,4.4869,3.4467
1,1,2.4108,3.4587,-0.0058479,4.3122,0.08,0.25429,3.3913,4.5664,3.3661,4.5674,3.5261,0.25522,3.5513
1,0,2.4108,3.4587,-0.0058479,4.3122,0.08,0.25429,3.3913,4.5664,3.3661,4.5674,3.5261,0.25522,3.5513
1,3,0.70034,5.0999,0,0.50522,0.58007,0.44773,4.8099,0.44773,5.39,0.95295,5.39,0.95295,4.8099
1,5,2.0102,3.9024,0,0.69234,0.61749,1.664,3.5936,1.664,4.2111,2.3564,4.2111,2.3564,3.5936
2,1,0.26736,10.217,-1.5708,0.63043,0.08,0.18736,10.532,0.18736,9.9017,0.34736,9.9017,0.34736,10.532
2,0,0.26736,10.217,-1.5708,0.63043,0.08,0.18736,10.532,0.18736,9.9017,0.34736,9.9017,0.34736,10.532
2,1,1.3391,10.532,3.1416,2.1435,0.08,2.4108,10.612,0.26736,10.612,0.26736,10.452,2.4108,10.452
2,0,1.3391,10.532,3.1416,2.1435,0.08,2.4108,10.612,0.26736,10.612,0.26736,10.452,2.4108,10.452
2,1,2.4108,10.217,1.5708,0.63043,0.08,2.4908,9.9017,2.4908,10.532,2.3308,10.532,2.3308,9.9017
2,0,2.4108,10.217,1.5708,0.63043,0.08,2.4908,9.9017,2.4908,10.532,2.3308,10.532,2.3308,9.9017
2,1,1.3391,9.9017,0,2.1435,0.08,0.26736,9.8217,2.4108,9.8217,2.4108,9.9817,0.26736,9.9817
2,0,1.3391,9.9017,0,2.1435,0.08,0.26736,9.8217,2.4108,9.8217,2.4108,9.9817,0.26736,9.9817
3,1,5.563,6.3398,-1.5708,1.6265,0.08,5.483,7.153,5.483,5.5265,5.643,5.5265,5.643,7.153
3,1,5.563,4.7511,-1.5708,0.23956,0.08,5.483,4.8709,5.483,4.6313,5.643,4.6313,5.643,4.8709
3,0,5.563,5.8922,-1.5708,2.5217,0.08,5.483,7.153,5.483,4.6313,5.643,4.6313,5.643,7.153
3,1,6.4771,7.153,3.1416,1.8282,0.08,7.3912,7.233,5.563,7.233,5.563,7.073,7.3912,7.073
3,0,6.4771,7.153,3.1416,1.8282,0.08,7.3912,7.233,5.563,7.233,5.563,7.073,7.3912,7.073
3,1,7.3912,5.8922,1.5708,2.5217,0.08,7.4712,4.6313,7.4712,7.153,7.3112,7.153,7.3112,4.6313
3,0,7.3912,5.8922,1.5708,2.5217,0.08,7.4712,4.6313,7.4712,7.153,7.3112,7.153,7.3112,4.6313
3,1,6.4771,4.6313,0,1.8282,0.08,5.563,4.5513,7.3912,4.5513,7.3912,4.7113,5.563,4.7113
3,0,6.4771,4.6313,0,1.8282,0.08,5.563,4.5513,7.3912,4.5513,7.3912,4.7113,5.563,4.7113
3,2,6.6975,5.7549,0,0.74848,0.35553,6.3233,5.5771,6.3233,5.9326,7.0718,5.9326,7.0718,5.5771
3,3,6.7443,5.128,0,0.61749,0.44909,6.4356,4.9035,6.4356,5.3525,7.0531,5.3525,7.0531,4.9035
4,1,8.5764,5.7283,-1.5708,0.7313,0.08,8.4964,6.0939,8.4964,5.3626,8.6564,5.3626,8.6564,6.0939
4,1,8.5764,4.1207,-1.5708,1.1726,0.08,8.4964,4.707,8.4964,3.5344,8.6564,3.5344,8.6564,4.707
4,0,8.5764,4.8141,-1.5708,2.5595,0.08,8.4964,6.0939,8.4964,3.5344,8.6564,3.5344,8.6564,6.0939
4,1,9.4338,6.0939,3.1416,1.7148,0.08,10.291,6.1739,8.5764,6.1739,8.5764,6.0139,10.291,6.0139
4,0,9.4338,6.0939,3.1416,1.7148,0.08,10.291,6.1739,8.5764,6.1739,8.5764,6.0139,10.291,6.0139
4,1,10.291,4.8141,1.5708,2.5595,0.08,10.371,3.5344,10.371,6.0939,10.211,6.0939,10.211,3.5344
4,0,10.291,4.8141,1.5708,2.5595,0.08,10.371,3.5344,10.371,6.0939,10.211,6.0939,10.211,3.5344
4,1,9.4338,3.5344,0,1.7148,0.08,8.5764,3.4544,10.291,3.4544,10.291,3.6144,8.5764,3.6144
4,0,9.4338,3.5344,0,1.7148,0.08,8.5764,3.4544,10.291,3.4544,10.291,3.6144,8.5764,3.6144
4,2,9.7944,5.549,0,0.50522,0.61749,9.5417,5.2403,9.5417,5.8578,10.047,5.8578,10.047,5.2403
4,3,9.0178,5.5677,0,0.59878,0.43038,8.7184,5.3525,8.7184,5.7829,9.3172,5.7829,9.3172,5.3525
4,4,9.4388,4.155,0,1.6279,0.89817,8.6249,3.7059,8.6249,4.6041,10.253,4.6041,10.253,3.7059
5,1,6.7608,4.4926,-1.5708,0.20174,0.08,6.6808,4.5935,6.6808,4.3918,6.8408,4.3918,6.8408,4.5935
5,1,6.7608,3.6226,-1.5708,0.27739,0.08,6.6808,3.7613,6.6808,3.4839,6.8408,3.4839,6.8408,3.7613
5,0,6.7608,4.0387,-1.5708,1.1096,0.08,6.6808,4.5935,6.6808,3.4839,6.8408,3.4839,6.8408,4.5935
5,1,7.1012,4.6124,-3.0861,0.68191,0.08,7.4372,4.7112,6.7563,4.6734,6.7652,4.5136,7.4461,4.5514
5,0,7.1012,4.6124,-3.0861,0.68191,0.08,7.4372,4.7112,6.7563,4.6734,6.7652,4.5136,7.4461,4.5514
5,1,7.4543,7.2917,-1.5755,5.3209,0.08,7.3869,9.9525,7.3616,4.6317,7.5216,4.6309,7.5469,9.9518
5,0,7.4543,7.2917,-1.5755,5.3209,0.08,7.3869,9.9525,7.3616,4.6317,7.5216,4.6309,7.5469,9.9518
5,1,8.2675,9.9458,3.1337,1.6013,0.08,9.0688,10.02,7.4675,10.032,7.4662,9.8721,9.0675,9.8595
5,0,8.2675,9.9458,3.1337,1.6013,0.08,9.0688,10.02,7.4675,10.032,7.4662,9.8721,9.0675,9.8595
5,1,9.0745,10.185,-1.5964,0.4919,0.08,9.0008,10.433,8.9882,9.9416,9.1481,9.9375,9.1607,10.429
5,0,9.0745,10.185,-1.5964,0.4919,0.08,9.0008,10.433,8.9882,9.9416,9.1481,9.9375,9.1607,10.429
5,1,9.7049,10.406,3.1012,1.2493,0.08,10.332,10.461,9.084,10.511,9.0775,10.351,10.326,10.301
5,0,9.7049,10.406,3.1012,1.2493,0.08,10.332,10.461,9.084,10.511,9.0775,10.351,10.326,10.301
5,1,10.291,8.2752,1.5528,4.2119,0.08,10.333,6.1681,10.409,10.379,10.249,10.382,10.173,6.171
5,0,10.291,8.2752,1.5528,4.2119,0.08,10.333,6.1681,10.409,10.379,10.249,10.382,10.173,6.171
5,1,9.4275,6.1759,-0.0076334,1.6518,0.08,8.601,6.1022,10.253,6.0896,10.254,6.2496,8.6022,6.2622
5,0,9.4275,6.1759,-0.0076334,1.6518,0.08,8.601,6.1022,10.253,6.0896,10.254,6.2496,8.6022,6.2622
5,1,8.5722,4.1017,1.5566,1.1853,0.08,8.6438,3.508,8.6606,4.6932,8.5006,4.6954,8.4838,3.5103
5,1,8.5959,5.7785,1.5566,0.8074,0.08,8.6702,5.3737,8.6816,6.181,8.5216,6.1833,8.5102,5.376
5,0,8.5827,4.8457,1.5566,2.6733,0.08,8.6438,3.508,8.6816,6.181,8.5216,6.1833,8.4838,3.5103
5,1,7.6623,3.4965,0.013985,1.8032,0.08,6.7619,3.4039,8.5649,3.4292,8.5627,3.5891,6.7597,3.5639
5,0,7.6623,3.4965,0.013985,1.8032,0.08,6.7619,3.4039,8.5649,3.4292,8.5627,3.5891,6.7597,3.5639
6,1,4.5038,8.1554,-1.5395,4.0241,0.08,4.3608,10.164,4.4869,6.1418,4.6469,6.1469,4.5208,10.169
6,0,4.5038,8.1554,-1.5395,4.0241,0.08,4.3608,10.164,4.4869,6.1418,4.6469,6.1469,4.5208,10.169
6,1,5.5945,10.135,3.1143,2.3082,0.08,6.7504,10.183,4.443,10.246,4.4386,10.087,6.746,10.023
6,0,5.5945,10.135,3.1143,2.3082,0.08,6.7504,10.183,4.443,10.246,4.4386,10.087,6.746,10.023
6,1,6.7356,10.261,-1.491,0.31622,0.08,6.6432,10.412,6.6684,10.097,6.8279,10.11,6.8027,10.425
6,0,6.7356,10.261,-1.491,0.31622,0.08,6.6432,10.412,6.6684,10.097,6.8279,10.11,6.8027,10.425
6,1,7.2525,10.419,3.1416,1.0591,0.08,7.7821,10.499,6.723,10.499,6.723,10.339,7.7821,10.339
6,0,7.2525,10.419,3.1416,1.0591,0.08,7.7821,10.499,6.723,10.499,6.723,10.339,7.7821,10.339
6,1,7.7884,10.192,1.5986,0.45408,0.08,7.8747,9.967,7.862,10.421,7.7021,10.416,7.7147,9.9625
6,0,7.7884,10.192,1.5986,0.45408,0.08,7.8747,9.967,7.862,10.421,7.7021,10.416,7.7147,9.9625
6,1,7.6371,9.9647,0,0.31521,0.08,7.4795,9.8847,7.7947,9.8847,7.7947,10.045,7.4795,10.045
6,0,7.6371,9.9647,0,0.31521,0.08,7.4795,9.8847,7.7947,9.8847,7.7947,10.045,7.4795,10.045
6,1,7.4795,8.5589,1.5708,2.8117,0.08,7.5595,7.153,7.5595,9.9647,7.3995,9.9647,7.3995,7.153
6,0,7.4795,8.5589,1.5708,2.8117,0.08,7.5595,7.153,7.5595,9.9647,7.3995,9.9647,7.3995,7.153
6,1,6.5212,7.1467,0.0065789,1.9165,0.08,5.5635,7.0604,7.48,7.073,7.4789,7.233,5.5624,7.2204
6,0,6.5212,7.1467,0.0065789,1.9165,0.08,5.5635,7.0604,7.48,7.073,7.4789,7.233,5.5624,7.2204
6,1,5.5504,6.6235,1.5464,1.0342,0.08,5.6177,6.1046,5.6429,7.1385,5.483,7.1424,5.4578,6.1085
6,0,5.5504,6.6235,1.5464,1.0342,0.08,5.6177,6.1046,5.6429,7.1385,5.483,7.1424,5.4578,6.1085
6,1,4.662,6.1406,-0.038941,0.19046,0.08,4.5638,6.0644,4.7541,6.057,4.7603,6.2169,4.57,6.2243
6,1,5.4559,6.1097,-0.038941,0.16379,0.08,5.371,6.033,5.5346,6.0266,5.5409,6.1865,5.3772,6.1928
6,0,5.0523,6.1254,-0.038941,0.9716,0.08,4.5638,6.0644,5.5346,6.0266,5.5409,6.1865,4.57,6.2243
7,1,4.5978,5.5894,-1.5852,0.9587,0.08,4.5247,6.0699,4.5109,5.1113,4.6709,5.1089,4.6847,6.0675
7,1,4.5743,3.9567,-1.5852,1.0214,0.08,4.5016,4.4685,4.4869,3.4473,4.6469,3.445,4.6616,4.4662
7,0,4.5858,4.7574,-1.5852,2.6229,0.08,4.5247,6.0699,4.4869,3.4473,4.6469,3.445,4.6847,6.0675
7,1,5.4117,6.0687,3.1416,0.27739,0.08,5.5504,6.1487,5.273,6.1487,5.273,5.9887,5.5504,5.9887
7,1,4.7119,6.0687,3.1416,0.21435,0.08,4.8191,6.1487,4.6047,6.1487,4.6047,5.9887,4.8191,5.9887
7,0,5.0775,6.0687,3.1416,0.94564,0.08,5.5504,6.1487,4.6047,6.1487,4.6047,5.9887,5.5504,5.9887
7,1,5.5504,5.3437,1.5708,1.45,0.08,5.6304,4.6187,5.6304,6.0687,5.4704,6.0687,5.4704,4.6187
7,0,5.5504,5.3437,1.5708,1.45,0.08,5.6304,4.6187,5.6304,6.0687,5.4704,6.0687,5.4704,4.6187
7,1,6.1556,4.5998,3.1104,1.211,0.08,6.7633,4.6608,5.5529,4.6987,5.5479,4.5387,6.7583,4.5009
7,0,6.1556,4.5998,3.1104,1.211,0.08,6.7633,4.6608,5.5529,4.6987,5.5479,4.5387,6.7583,4.5009
7,1,6.7502,3.648,1.5594,0.3533,0.08,6.8282,3.4704,6.8322,3.8237,6.6722,3.8255,6.6682,3.4722
7,1,6.7598,4.4989,1.5594,0.16404,0.08,6.8389,4.4159,6.8408,4.58,6.6808,4.5818,6.6789,4.4178
7,0,6.7545,4.0261,1.5594,1.1096,0.08,6.8282,3.4704,6.8408,4.58,6.6808,4.5818,6.6682,3.4722
7,1,4.7058,3.4477,0.01156,0.27781,0.08,4.5678,3.3661,4.8456,3.3693,4.8438,3.5293,4.566,3.5261
7,1,6.1496,3.4644,0.01156,1.1972,0.08,5.552,3.3775,6.7491,3.3913,6.7472,3.5513,5.5502,3.5375
7,0,5.6575,3.4587,0.01156,2.1814,0.08,4.5678,3.3661,6.7491,3.3913,6.7472,3.5513,4.566,3.5261
