1,1,1.1933,4.2798,-1.5708,4.6793,0.08,1.1133,6.6194,1.1133,1.9402,1.2733,1.9402,1.2733,6.6194
1,0,1.1933,4.2798,-1.5708,4.6793,0.08,1.1133,6.6194,1.1133,1.9402,1.2733,1.9402,1.2733,6.6194
1,1,3.2791,6.6115,3.1378,4.1717,0.08,5.3653,6.6836,1.1936,6.6994,1.193,6.5394,5.3647,6.5236
1,0,3.2791,6.6115,3.1378,4.1717,0.08,5.3653,6.6836,1.1936,6.6994,1.193,6.5394,5.3647,6.5236
1,1,5.352,5.5881,1.558,0.44349,0.08,5.4291,5.3653,5.4348,5.8088,5.2748,5.8108,5.2691,5.3674
1,1,5.3632,6.4607,1.558,0.2857,0.08,5.4413,6.3169,5.445,6.6026,5.285,6.6046,5.2813,6.3189
1,0,5.3571,5.985,1.558,1.2373,0.08,5.4291,5.3653,5.445,6.6026,5.285,6.6046,5.2691,5.3674
1,1,5.706,5.3505,3.0972,0.71449,0.08,6.0665,5.4145,5.3527,5.4463,5.3456,5.2864,6.0594,5.2547
1,0,5.706,5.3505,3.0972,0.71449,0.08,6.0665,5.4145,5.3527,5.4463,5.3456,5.2864,6.0594,5.2547
1,1,6.0709,3.6374,1.5755,3.3945,0.08,6.1588,1.9405,6.1429,5.335,5.9829,5.3342,5.9988,1.9398
1,0,6.0709,3.6374,1.5755,3.3945,0.08,6.1588,1.9405,6.1429,5.335,5.9829,5.3342,5.9988,1.9398
1,1,3.636,1.9402,-6.363e-16,4.8855,0.08,1.1933,1.8602,6.0788,1.8602,6.0788,2.0202,1.1933,2.0202
1,0,3.636,1.9402,-6.363e-16,4.8855,0.08,1.1933,1.8602,6.0788,1.8602,6.0788,2.0202,1.1933,2.0202
2,1,6.0709,3.6374,-1.5662,3.4262,0.08,5.9829,5.3501,5.9988,1.9239,6.1588,1.9247,6.1429,5.3509
2,0,6.0709,3.6374,-1.5662,3.4262,0.08,5.9829,5.3501,5.9988,1.9239,6.1588,1.9247,6.1429,5.3509
2,1,6.2771,5.3426,3.1046,0.42857,0.08,6.4942,5.4146,6.0659,5.4304,6.06,5.2705,6.4882,5.2547
2,0,6.2771,5.3426,3.1046,0.42857,0.08,6.4942,5.4146,6.0659,5.4304,6.06,5.2705,6.4882,5.2547
2,1,6.5174,6.5797,-1.5918,0.52366,0.08,6.4429,6.8432,6.4319,6.3196,6.5919,6.3163,6.6029,6.8398
2,1,6.496,5.5643,-1.5918,0.45956,0.08,6.4209,5.7958,6.4112,5.3363,6.5712,5.3329,6.5809,5.7924
2,0,6.5071,6.0881,-1.5918,1.5072,0.08,6.4429,6.8432,6.4112,5.3363,6.5712,5.3329,6.6029,6.8398
2,1,7.546,6.8336,3.1338,2.0463,0.08,8.5697,6.9056,6.5235,6.9215,6.5223,6.7615,8.5685,6.7456
2,0,7.546,6.8336,3.1338,2.0463,0.08,8.5697,6.9056,6.5235,6.9215,6.5223,6.7615,8.5685,6.7456
2,1,8.5691,4.375,1.5708,4.9014,0.08,8.6491,1.9243,8.6491,6.8256,8.4891,6.8256,8.4891,1.9243
2,0,8.5691,4.375,1.5708,4.9014,0.08,8.6491,1.9243,8.6491,6.8256,8.4891,6.8256,8.4891,1.9243
2,1,7.3239,1.9243,0,2.4903,0.08,6.0788,1.8443,8.5691,1.8443,8.5691,2.0043,6.0788,2.0043
2,0,7.3239,1.9243,0,2.4903,0.08,6.0788,1.8443,8.5691,1.8443,8.5691,2.0043,6.0788,2.0043
2,3,6.9498,2.414,0,0.61205,0.44726,6.6438,2.1904,6.6438,2.6377,7.2558,2.6377,7.2558,2.1904
2,5,8.0327,4.1913,0,0.42372,0.65913,7.8208,3.8618,7.8208,4.5209,8.2445,4.5209,8.2445,3.8618
3,1,1.1774,8.2215,-1.5708,3.1724,0.08,1.0974,9.8077,1.0974,6.6353,1.2574,6.6353,1.2574,9.8077
3,0,1.1774,8.2215,-1.5708,3.1724,0.08,1.0974,9.8077,1.0974,6.6353,1.2574,6.6353,1.2574,9.8077
3,1,3.2633,9.8077,3.1416,4.1717,0.08,5.3491,9.8877,1.1774,9.8877,1.1774,9.7277,5.3491,9.7277
3,0,3.2633,9.8077,3.1416,4.1717,0.08,5.3491,9.8877,1.1774,9.8877,1.1774,9.7277,5.3491,9.7277
3,1,5.3491,7.7139,1.5708,2.1572,0.08,5.4291,6.6353,5.4291,8.7925,5.2691,8.7925,5.2691,6.6353
3,1,5.3491,9.5301,1.5708,0.55517,0.08,5.4291,9.2525,5.4291,9.8077,5.2691,9.8077,5.2691,9.2525
3,0,5.3491,8.2215,1.5708,3.1724,0.08,5.4291,6.6353,5.4291,9.8077,5.2691,9.8077,5.2691,6.6353
3,1,3.2633,6.6353,0,4.1717,0.08,1.1774,6.5553,5.3491,6.5553,5.3491,6.7153,1.1774,6.7153
3,0,3.2633,6.6353,0,4.1717,0.08,1.1774,6.5553,5.3491,6.5553,5.3491,6.7153,1.1774,6.7153
4,1,1.2092,11.251,-1.5708,2.8234,0.08,1.1292,12.663,1.1292,9.8394,1.2892,9.8394,1.2892,12.663
4,0,1.2092,11.251,-1.5708,2.8234,0.08,1.1292,12.663,1.1292,9.8394,1.2892,9.8394,1.2892,12.663
4,1,2.9857,12.663,3.1416,3.5531,0.08,4.7622,12.743,1.2092,12.743,1.2092,12.583,4.7622,12.583
4,0,2.9857,12.663,3.1416,3.5531,0.08,4.7622,12.743,1.2092,12.743,1.2092,12.583,4.7622,12.583
4,1,4.7622,10.926,1.5708,2.1731,0.08,4.8422,9.8394,4.8422,12.013,4.6822,12.013,4.6822,9.8394
4,1,4.7622,12.536,1.5708,0.25379,0.08,4.8422,12.409,4.8422,12.663,4.6822,12.663,4.6822,12.409
4,0,4.7622,11.251,1.5708,2.8234,0.08,4.8422,9.8394,4.8422,12.663,4.6822,12.663,4.6822,9.8394
4,1,2.9857,9.8394,0,3.5531,0.08,1.2092,9.7594,4.7622,9.7594,4.7622,9.9194,1.2092,9.9194
4,0,2.9857,9.8394,0,3.5531,0.08,1.2092,9.7594,4.7622,9.7594,4.7622,9.9194,1.2092,9.9194
5,1,6.5229,10.633,-1.5708,1.1738,0.08,6.4429,11.219,6.4429,10.046,6.6029,10.046,6.6029,11.219
5,1,6.5229,9.1574,-1.5708,0.69793,0.08,6.4429,9.5063,6.4429,8.8084,6.6029,8.8084,6.6029,9.5063
5,0,6.5229,10.014,-1.5708,2.411,0.08,6.4429,11.219,6.4429,8.8084,6.6029,8.8084,6.6029,11.219
5,1,7.5777,11.219,3.1416,2.1096,0.08,8.6326,11.299,6.5229,11.299,6.5229,11.139,8.6326,11.139
5,0,7.5777,11.219,3.1416,2.1096,0.08,8.6326,11.299,6.5229,11.299,6.5229,11.139,8.6326,11.139
5,1,8.6326,10.014,1.5708,2.411,0.08,8.7126,8.8084,8.7126,11.219,8.5526,11.219,8.5526,8.8084
5,0,8.6326,10.014,1.5708,2.411,0.08,8.7126,8.8084,8.7126,11.219,8.5526,11.219,8.5526,8.8084
5,1,7.5777,8.8084,0,2.1096,0.08,6.5229,8.7284,8.6326,8.7284,8.6326,8.8884,6.5229,8.8884
5,0,7.5777,8.8084,0,2.1096,0.08,6.5229,8.7284,8.6326,8.7284,8.6326,8.8884,6.5229,8.8884
5,2,8.0091,9.3819,0,0.37664,0.44726,7.8208,9.1583,7.8208,9.6056,8.1975,9.6056,8.1975,9.1583
5,3,7.2676,9.2878,0,0.49434,0.3531,7.0204,9.1112,7.0204,9.4643,7.5148,9.4643,7.5148,9.1112
6,1,6.5388,8.3405,-1.5708,0.71379,0.08,6.4588,8.6974,6.4588,7.9836,6.6188,7.9836,6.6188,8.6974
6,1,6.5388,7.1667,-1.5708,0.68206,0.08,6.4588,7.5077,6.4588,6.8256,6.6188,6.8256,6.6188,7.5077
6,0,6.5388,7.7615,-1.5708,1.8717,0.08,6.4588,8.6974,6.4588,6.8256,6.6188,6.8256,6.6188,8.6974
6,1,7.5302,8.6974,3.1416,1.9827,0.08,8.5215,8.7774,6.5388,8.7774,6.5388,8.6174,8.5215,8.6174
6,0,7.5302,8.6974,3.1416,1.9827,0.08,8.5215,8.7774,6.5388,8.7774,6.5388,8.6174,8.5215,8.6174
6,1,8.5215,7.7615,1.5708,1.8717,0.08,8.6015,6.8256,8.6015,8.6974,8.4415,8.6974,8.4415,6.8256
6,0,8.5215,7.7615,1.5708,1.8717,0.08,8.6015,6.8256,8.6015,8.6974,8.4415,8.6974,8.4415,6.8256
6,1,7.5302,6.8256,0,1.9827,0.08,6.5388,6.7456,8.5215,6.7456,8.5215,6.9056,6.5388,6.9056
6,0,7.5302,6.8256,0,1.9827,0.08,6.5388,6.7456,8.5215,6.7456,8.5215,6.9056,6.5388,6.9056
6,2,7.9974,7.6753,0,0.40018,0.32956,7.7973,7.5105,7.7973,7.8401,8.1975,7.8401,8.1975,7.5105
6,3,7.4206,8.4168,0,0.51789,0.3531,7.1617,8.2402,7.1617,8.5933,7.6796,8.5933,7.6796,8.2402
7,1,5.3715,10.498,-1.5782,2.5221,0.08,5.3009,11.759,5.2821,9.2373,5.4421,9.2361,5.4609,11.758
7,1,5.3495,7.5395,-1.5782,2.3793,0.08,5.2784,8.7297,5.2607,6.3504,5.4207,6.3493,5.4384,8.7285
7,1,5.335,5.5883,-1.5782,0.47573,0.08,5.2568,5.8268,5.2533,5.3511,5.4133,5.3499,5.4168,5.8256
7,0,5.3571,8.5546,-1.5782,6.4084,0.08,5.3009,11.759,5.2533,5.3511,5.4133,5.3499,5.4609,11.758
7,1,5.0953,11.767,-0.027771,0.57125,0.08,4.8076,11.695,5.3786,11.679,5.3831,11.839,4.812,11.855
7,0,5.0953,11.767,-0.027771,0.57125,0.08,4.8076,11.695,5.3786,11.679,5.3831,11.839,4.812,11.855
7,1,4.8388,12.558,-1.6078,0.14618,0.08,4.7616,12.634,4.7562,12.488,4.9161,12.482,4.9215,12.628
7,1,4.8145,11.9,-1.6078,0.2501,0.08,4.7391,12.027,4.7299,11.778,4.8898,11.772,4.899,12.022
7,0,4.8257,12.203,-1.6078,0.85713,0.08,4.7616,12.634,4.7299,11.778,4.8898,11.772,4.9215,12.628
7,1,6.2057,12.647,-3.13,2.7284,0.08,7.5689,12.743,4.8406,12.711,4.8425,12.551,7.5707,12.583
7,0,6.2057,12.647,-3.13,2.7284,0.08,7.5689,12.743,4.8406,12.711,4.8425,12.551,7.5707,12.583
7,1,7.5969,11.442,1.593,0.41301,0.08,7.6815,11.237,7.6723,11.65,7.5124,11.646,7.5216,11.233
7,1,7.5749,12.432,1.593,0.46129,0.08,7.66,12.203,7.6498,12.665,7.4898,12.661,7.5001,12.2
7,0,7.5857,11.949,1.593,1.4279,0.08,7.6815,11.237,7.6498,12.665,7.4898,12.661,7.5216,11.233
7,1,7.0543,11.204,0.057906,1.0963,0.08,6.5117,11.092,7.6062,11.155,7.5969,11.315,6.5024,11.252
7,0,7.0543,11.204,0.057906,1.0963,0.08,6.5117,11.092,7.6062,11.155,7.5969,11.315,6.5024,11.252
7,1,6.5223,5.5806,1.5735,0.42845,0.08,6.6029,5.3666,6.6017,5.795,6.4417,5.7946,6.4429,5.3661
7,1,6.5187,6.905,1.5735,1.1738,0.08,6.6003,6.3183,6.5971,7.4921,6.4371,7.4917,6.4403,6.3179
7,1,6.5137,8.7529,1.5735,1.4752,0.08,6.5957,8.0156,6.5917,9.4907,6.4317,9.4903,6.4357,8.0151
7,1,6.5086,10.593,1.5735,1.1578,0.08,6.5902,10.014,6.5871,11.172,6.4271,11.172,6.4302,10.014
7,0,6.515,8.2691,1.5735,5.8055,0.08,6.6029,5.3666,6.5871,11.172,6.4271,11.172,6.4429,5.3661
7,1,5.9281,5.3584,0.013333,1.1898,0.08,5.3343,5.2705,6.524,5.2864,6.5219,5.4463,5.3322,5.4305
7,0,5.9281,5.3584,0.013333,1.1898,0.08,5.3343,5.2705,6.524,5.2864,6.5219,5.4463,5.3322,5.4305
