1,1,6.0295,5.3941,-1.5708,3.0288,0.08,5.9495,6.9085,5.9495,3.8797,6.1095,3.8797,6.1095,6.9085
1,0,6.0295,5.3941,-1.5708,3.0288,0.08,5.9495,6.9085,5.9495,3.8797,6.1095,3.8797,6.1095,6.9085
1,1,10.975,6.9085,3.1416,1.3481,0.08,11.649,6.9885,10.301,6.9885,10.301,6.8285,11.649,6.8285
1,1,7.8152,6.9085,3.1416,3.5716,0.08,9.601,6.9885,6.0295,6.9885,6.0295,6.8285,9.601,6.8285
1,0,8.8394,6.9085,3.1416,5.6199,0.08,11.649,6.9885,6.0295,6.9885,6.0295,6.8285,11.649,6.8285
1,1,11.649,5.3941,1.5708,3.0288,0.08,11.729,3.8797,11.729,6.9085,11.569,6.9085,11.569,3.8797
1,0,11.649,5.3941,1.5708,3.0288,0.08,11.729,3.8797,11.729,6.9085,11.569,6.9085,11.569,3.8797
1,1,8.8394,3.8797,0,5.6199,0.08,6.0295,3.7997,11.649,3.7997,11.649,3.9597,6.0295,3.9597
1,0,8.8394,3.8797,0,5.6199,0.08,6.0295,3.7997,11.649,3.7997,11.649,3.9597,6.0295,3.9597
2,1,0.27821,6.8735,-1.5679,5.9526,0.08,0.18946,9.8496,0.20696,3.897,0.36696,3.8975,0.34946,9.8501
2,0,0.27821,6.8735,-1.5679,5.9526,0.08,0.18946,9.8496,0.20696,3.897,0.36696,3.8975,0.34946,9.8501
2,1,2.0027,9.8411,3.1365,3.4666,0.08,3.7364,9.9123,0.26986,9.9298,0.26905,9.7698,3.7356,9.7523
2,0,2.0027,9.8411,3.1365,3.4666,0.08,3.7364,9.9123,0.26986,9.9298,0.26905,9.7698,3.7356,9.7523
2,1,3.7272,8.3617,1.5648,2.9413,0.08,3.7985,6.8906,3.816,9.8318,3.656,9.8328,3.6385,6.8915
2,0,3.7272,8.3617,1.5648,2.9413,0.08,3.7985,6.8906,3.816,9.8318,3.656,9.8328,3.6385,6.8915
2,1,5.8281,6.891,3.1416,0.33264,0.08,5.9945,6.971,5.6618,6.971,5.6618,6.811,5.9945,6.811
2,1,4.1211,6.891,3.1416,0.80535,0.08,4.5238,6.971,3.7185,6.971,3.7185,6.811,4.5238,6.811
2,0,4.8565,6.891,3.1416,2.276,0.08,5.9945,6.971,3.7185,6.971,3.7185,6.811,5.9945,6.811
2,1,6.0207,5.3591,1.5879,3.0643,0.08,6.127,3.8286,6.0744,6.8924,5.9145,6.8897,5.967,3.8258
2,0,6.0207,5.3591,1.5879,3.0643,0.08,6.127,3.8286,6.0744,6.8924,5.9145,6.8897,5.967,3.8258
2,1,3.167,3.8622,-0.012157,5.7604,0.08,0.28599,3.8172,6.046,3.7472,6.0479,3.9072,0.28794,3.9772
2,0,3.167,3.8622,-0.012157,5.7604,0.08,0.28599,3.8172,6.046,3.7472,6.0479,3.9072,0.28794,3.9772
3,1,11.667,5.4204,-1.5708,3.1164,0.08,11.587,6.9786,11.587,3.8622,11.747,3.8622,11.747,6.9786
3,0,11.667,5.4204,-1.5708,3.1164,0.08,11.587,6.9786,11.587,3.8622,11.747,3.8622,11.747,6.9786
3,1,14.416,6.9786,3.1416,3.6066,0.08,16.219,7.0586,12.612,7.0586,12.612,6.8986,16.219,6.8986
3,1,11.842,6.9786,3.1416,0.35015,0.08,12.017,7.0586,11.667,7.0586,11.667,6.8986,12.017,6.8986
3,0,13.943,6.9786,3.1416,4.552,0.08,16.219,7.0586,11.667,7.0586,11.667,6.8986,16.219,6.8986
3,1,16.219,3.9673,1.5708,0.21009,0.08,16.299,3.8622,16.299,4.0723,16.139,4.0723,16.139,3.8622
3,1,16.219,5.8668,1.5708,2.2235,0.08,16.299,4.7551,16.299,6.9786,16.139,6.9786,16.139,4.7551
3,0,16.219,5.4204,1.5708,3.1164,0.08,16.299,3.8622,16.299,6.9786,16.139,6.9786,16.139,3.8622
3,1,13.943,3.8622,0,4.552,0.08,11.667,3.7822,16.219,3.7822,16.219,3.9422,11.667,3.9422
3,0,13.943,3.8622,0,4.552,0.08,11.667,3.7822,16.219,3.7822,16.219,3.9422,11.667,3.9422
4,1,16.219,5.5254,-1.5708,1.5757,0.08,16.139,6.3133,16.139,4.7376,16.299,4.7376,16.299,6.3133
4,1,16.219,4.0198,-1.5708,0.35015,0.08,16.139,4.1949,16.139,3.8447,16.299,3.8447,16.299,4.1949
4,0,16.219,5.079,-1.5708,2.4686,0.08,16.139,6.3133,16.139,3.8447,16.299,3.8447,16.299,6.3133
4,1,17.374,6.3133,3.1416,2.311,0.08,18.53,6.3933,16.219,6.3933,16.219,6.2333,18.53,6.2333
4,0,17.374,6.3133,3.1416,2.311,0.08,18.53,6.3933,16.219,6.3933,16.219,6.2333,18.53,6.2333
4,1,18.53,5.079,1.5708,2.4686,0.08,18.61,3.8447,18.61,6.3133,18.45,6.3133,18.45,3.8447
4,0,18.53,5.079,1.5708,2.4686,0.08,18.61,3.8447,18.61,6.3133,18.45,6.3133,18.45,3.8447
4,1,17.374,3.8447,0,2.311,0.08,16.219,3.7647,18.53,3.7647,18.53,3.9247,16.219,3.9247
4,0,17.374,3.8447,0,2.311,0.08,16.219,3.7647,18.53,3.7647,18.53,3.9247,16.219,3.9247
4,2,17.344,5.7029,0,0.50634,0.56259,17.09,5.4216,17.09,5.9842,17.597,5.9842,17.597,5.4216
4,3,16.715,5.9748,0,0.67511,0.54384,16.378,5.7029,16.378,6.2467,17.053,6.2467,17.053,5.7029
5,1,5.9157,8.9219,-1.581,1.7158,0.08,5.8444,9.7806,5.8269,8.0649,5.9869,8.0632,6.0044,9.779
5,0,5.9157,8.9219,-1.581,1.7158,0.08,5.8444,9.7806,5.8269,8.0649,5.9869,8.0632,6.0044,9.779
5,1,8.5068,9.7885,-3.1382,5.1648,0.08,11.089,9.8773,5.9242,9.8598,5.9247,9.6998,11.089,9.7173
5,0,8.5068,9.7885,-3.1382,5.1648,0.08,11.089,9.8773,5.9242,9.8598,5.9247,9.6998,11.089,9.7173
5,1,11.089,9.4647,1.5708,0.66529,0.08,11.169,9.132,11.169,9.7973,11.009,9.7973,11.009,9.132
5,0,11.089,9.4647,1.5708,0.66529,0.08,11.169,9.132,11.169,9.7973,11.009,9.7973,11.009,9.132
5,1,11.378,9.1495,-3.0811,0.57881,0.08,11.662,9.2469,11.084,9.2119,11.094,9.0522,11.672,9.0872
5,0,11.378,9.1495,-3.0811,0.57881,0.08,11.662,9.2469,11.084,9.2119,11.094,9.0522,11.672,9.0872
5,1,11.676,8.5805,1.5857,1.1731,0.08,11.764,7.9952,11.747,9.1682,11.587,9.1658,11.604,7.9928
5,0,11.676,8.5805,1.5857,1.1731,0.08,11.764,7.9952,11.747,9.1682,11.587,9.1658,11.604,7.9928
5,1,6.2834,8.0595,-0.012121,0.75298,0.08,5.9059,7.984,6.6589,7.9749,6.6608,8.1349,5.9079,8.144
5,1,9.4962,8.0205,-0.012121,4.3768,0.08,7.307,7.9671,11.683,7.914,11.685,8.074,7.3089,8.1271
5,0,8.7957,8.029,-0.012121,5.7779,0.08,5.9059,7.984,11.683,7.914,11.685,8.074,5.9079,8.144
5,3,9.9173,9.3129,0,0.8814,0.54384,9.4766,9.041,9.4766,9.5848,10.358,9.5848,10.358,9.041
5,5,7.7607,9.3316,0,0.58135,0.54384,7.47,9.0597,7.47,9.6036,8.0513,9.6036,8.0513,9.0597
6,1,11.719,8.6068,-1.5396,1.121,0.08,11.622,9.1645,11.657,8.044,11.817,8.049,11.782,9.1695
6,0,11.719,8.6068,-1.5396,1.121,0.08,11.622,9.1645,11.657,8.044,11.817,8.049,11.782,9.1695
6,1,12.087,9.1583,3.1189,0.77053,0.08,12.474,9.2295,11.704,9.247,11.7,9.087,12.47,9.0695
6,0,12.087,9.1583,3.1189,0.77053,0.08,12.474,9.2295,11.704,9.247,11.7,9.087,12.47,9.0695
6,1,12.464,9.4559,-1.5422,0.61302,0.08,12.375,9.76,12.392,9.1472,12.552,9.1518,12.535,9.7646
6,0,12.464,9.4559,-1.5422,0.61302,0.08,12.375,9.76,12.392,9.1472,12.552,9.1518,12.535,9.7646
6,1,13.742,9.736,3.1212,2.5742,0.08,15.03,9.7897,12.456,9.8423,12.453,9.6823,15.027,9.6298
6,0,13.742,9.736,3.1212,2.5742,0.08,15.03,9.7897,12.456,9.8423,12.453,9.6823,15.027,9.6298
6,1,15.011,8.8431,1.5506,1.7336,0.08,15.073,7.9749,15.108,9.7081,14.948,9.7114,14.913,7.9781
6,0,15.011,8.8431,1.5506,1.7336,0.08,15.073,7.9749,15.108,9.7081,14.948,9.7114,14.913,7.9781
6,1,12.219,8.0362,-0.021502,0.9642,0.08,11.735,7.9666,12.699,7.9458,12.703,8.1058,11.739,8.1265
6,1,14.249,7.9925,-0.021502,1.4886,0.08,13.503,7.9285,14.992,7.8965,14.995,8.0565,13.507,8.0885
6,0,13.365,8.0115,-0.021502,3.2572,0.08,11.735,7.9666,14.992,7.8965,14.995,8.0565,11.739,8.1265
6,2,14.352,9.1066,0,0.45008,0.54384,14.127,8.8347,14.127,9.3785,14.577,9.3785,14.577,8.8347
6,3,13.48,9.3691,0,0.76888,0.39382,13.096,9.1722,13.096,9.5661,13.865,9.5661,13.865,9.1722
6,4,12.14,8.544,0,0.67511,0.69387,11.802,8.1971,11.802,8.8909,12.477,8.8909,12.477,8.1971
7,1,3.7972,8.3792,-1.5769,2.8713,0.08,3.726,9.8153,3.7085,6.944,3.8685,6.9431,3.886,9.8143
7,0,3.7972,8.3792,-1.5769,2.8713,0.08,3.726,9.8153,3.7085,6.944,3.8685,6.9431,3.886,9.8143
7,1,5.6182,9.7699,3.1168,0.61258,0.08,5.9264,9.8423,5.314,9.8574,5.31,9.6975,5.9224,9.6823
7,1,4.1732,9.8057,3.1168,0.73466,0.08,4.5424,9.8766,3.808,9.8948,3.804,9.7348,4.5385,9.7166
7,0,4.8652,9.7885,3.1168,2.1191,0.08,5.9264,9.8423,3.808,9.8948,3.804,9.7348,5.9224,9.6823
7,1,5.9332,8.8869,1.5808,1.7509,0.08,6.0219,8.0123,6.0044,9.7631,5.8444,9.7615,5.8619,8.0107
7,0,5.9332,8.8869,1.5808,1.7509,0.08,6.0219,8.0123,6.0044,9.7631,5.8444,9.7615,5.8619,8.0107
7,1,13.707,7.9776,3.1372,0.50779,0.08,13.961,8.0565,13.453,8.0587,13.452,7.8987,13.96,7.8965
7,1,10.047,7.9936,3.1372,5.3402,0.08,12.718,8.0619,7.3776,8.0853,7.3769,7.9253,12.717,7.9019
7,1,6.3095,8.0099,3.1372,0.73508,0.08,6.6774,8.0883,5.9423,8.0915,5.9416,7.9315,6.6767,7.9283
7,0,9.9512,7.994,3.1372,8.0186,0.08,13.961,8.0565,5.9423,8.0915,5.9416,7.9315,13.96,7.8965
7,1,13.934,7.4775,1.5182,0.99932,0.08,13.988,6.9744,14.04,7.9723,13.881,7.9807,13.828,6.9828
7,0,13.934,7.4775,1.5182,0.99932,0.08,13.988,6.9744,14.04,7.9723,13.881,7.9807,13.828,6.9828
7,1,7.894,6.9578,0.0034602,8.211,0.08,3.7888,6.8636,12,6.892,11.999,7.052,3.7882,7.0236
7,1,11.141,6.969,-3.1381,3.0815,0.08,12.682,7.0543,9.6004,7.0437,9.601,6.8837,12.682,6.8943
7,1,7.4036,6.9561,-3.1381,5.8299,0.08,10.318,7.0462,4.4884,7.026,4.4889,6.866,10.319,6.8862
7,1,9.7935,6.9643,0.0034602,8.2288,0.08,5.6794,6.8701,13.908,6.8986,13.908,7.0586,5.6788,7.0301
7,0,8.8482,6.9611,0.0034602,10.119,0.08,3.7888,6.8636,13.908,6.8986,13.908,7.0586,3.7882,7.0236
