1,1,0.60298,9.9284,-1.5708,5.0181,0.08,0.52298,12.437,0.52298,7.4193,0.68298,7.4193,0.68298,12.437
1,0,0.60298,9.9284,-1.5708,5.0181,0.08,0.52298,12.437,0.52298,7.4193,0.68298,7.4193,0.68298,12.437
1,1,6.6224,12.437,3.1416,1.6804,0.08,7.4626,12.517,5.7822,12.517,5.7822,12.357,7.4626,12.357
1,1,2.4675,12.437,3.1416,3.7291,0.08,4.332,12.517,0.60298,12.517,0.60298,12.357,4.332,12.357
1,0,4.0328,12.437,3.1416,6.8596,0.08,7.4626,12.517,0.60298,12.517,0.60298,12.357,7.4626,12.357
1,1,7.4626,9.9284,1.5708,5.0181,0.08,7.5426,7.4193,7.5426,12.437,7.3826,12.437,7.3826,7.4193
1,0,7.4626,9.9284,1.5708,5.0181,0.08,7.5426,7.4193,7.5426,12.437,7.3826,12.437,7.3826,7.4193
1,1,4.0328,7.4193,0,6.8596,0.08,0.60298,7.3393,7.4626,7.3393,7.4626,7.4993,0.60298,7.4993
1,0,4.0328,7.4193,0,6.8596,0.08,0.60298,7.3393,7.4626,7.3393,7.4626,7.4993,0.60298,7.4993
2,1,2.7668,14.647,-1.5708,4.3736,0.08,2.6868,16.834,2.6868,12.46,2.8468,12.46,2.8468,16.834
2,0,2.7668,14.647,-1.5708,4.3736,0.08,2.6868,16.834,2.6868,12.46,2.8468,12.46,2.8468,16.834
2,1,5.1492,16.834,3.1416,4.7649,0.08,7.5317,16.914,2.7668,16.914,2.7668,16.754,7.5317,16.754
2,0,5.1492,16.834,3.1416,4.7649,0.08,7.5317,16.914,2.7668,16.914,2.7668,16.754,7.5317,16.754
2,1,7.5317,14.647,1.5708,4.3736,0.08,7.6117,12.46,7.6117,16.834,7.4517,16.834,7.4517,12.46
2,0,7.5317,14.647,1.5708,4.3736,0.08,7.6117,12.46,7.6117,16.834,7.4517,16.834,7.4517,12.46
2,1,3.5034,12.46,0,1.4732,0.08,2.7668,12.38,4.24,12.38,4.24,12.54,2.7668,12.54
2,1,6.6915,12.46,0,1.6804,0.08,5.8513,12.38,7.5317,12.38,7.5317,12.54,5.8513,12.54
2,0,5.1492,12.46,0,4.7649,0.08,2.7668,12.38,7.5317,12.38,7.5317,12.54,2.7668,12.54
2,3,3.1351,13.991,0,0.4441,1.264,2.913,13.359,2.913,14.623,3.3571,14.623,3.3571,13.359
2,5,3.0838,15.784,0,0.54658,0.75155,2.8106,15.409,2.8106,16.16,3.3571,16.16,3.3571,15.409
3,1,0.57996,13.853,-1.5708,2.8774,0.08,0.49996,15.292,0.49996,12.414,0.65996,12.414,0.65996,15.292
3,0,0.57996,13.853,-1.5708,2.8774,0.08,0.49996,15.292,0.49996,12.414,0.65996,12.414,0.65996,15.292
3,1,2.502,15.292,3.1416,0.34528,0.08,2.6747,15.372,2.3294,15.372,2.3294,15.212,2.6747,15.212
3,1,1.1324,15.292,3.1416,1.1049,0.08,1.6849,15.372,0.57996,15.372,0.57996,15.212,1.6849,15.212
3,0,1.6273,15.292,3.1416,2.0947,0.08,2.6747,15.372,0.57996,15.372,0.57996,15.212,2.6747,15.212
3,1,2.6747,13.853,1.5708,2.8774,0.08,2.7547,12.414,2.7547,15.292,2.5947,15.292,2.5947,12.414
3,0,2.6747,13.853,1.5708,2.8774,0.08,2.7547,12.414,2.7547,15.292,2.5947,15.292,2.5947,12.414
3,1,1.6273,12.414,0,2.0947,0.08,0.57996,12.334,2.6747,12.334,2.6747,12.494,0.57996,12.494
3,0,1.6273,12.414,0,2.0947,0.08,0.57996,12.334,2.6747,12.334,2.6747,12.494,0.57996,12.494
4,1,11.744,12.173,-1.5708,0.16113,0.08,11.664,12.253,11.664,12.092,11.824,12.092,11.824,12.253
4,1,11.744,9.9399,-1.5708,3.0615,0.08,11.664,11.471,11.664,8.4091,11.824,8.4091,11.824,11.471
4,1,11.744,7.5114,-1.5708,0.32226,0.08,11.664,7.6725,11.664,7.3503,11.824,7.3503,11.824,7.6725
4,0,11.744,9.8018,-1.5708,4.903,0.08,11.664,12.253,11.664,7.3503,11.824,7.3503,11.824,12.253
4,1,14.104,12.253,3.1416,4.7189,0.08,16.463,12.333,11.744,12.333,11.744,12.173,16.463,12.173
4,0,14.104,12.253,3.1416,4.7189,0.08,16.463,12.333,11.744,12.333,11.744,12.173,16.463,12.173
4,1,16.463,9.8018,1.5708,4.903,0.08,16.543,7.3503,16.543,12.253,16.383,12.253,16.383,7.3503
4,0,16.463,9.8018,1.5708,4.903,0.08,16.543,7.3503,16.543,12.253,16.383,12.253,16.383,7.3503
4,1,14.104,7.3503,0,4.7189,0.08,11.744,7.2703,16.463,7.2703,16.463,7.4303,11.744,7.4303
4,0,14.104,7.3503,0,4.7189,0.08,11.744,7.2703,16.463,7.2703,16.463,7.4303,11.744,7.4303
5,1,11.859,14.762,-1.5708,3.0845,0.08,11.779,16.305,11.779,13.22,11.939,13.22,11.939,16.305
5,1,11.859,12.495,-1.5708,0.20717,0.08,11.779,12.599,11.779,12.391,11.939,12.391,11.939,12.599
5,0,11.859,14.348,-1.5708,3.9132,0.08,11.779,16.305,11.779,12.391,11.939,12.391,11.939,16.305
5,1,14.207,16.305,3.1416,4.6958,0.08,16.555,16.385,11.859,16.385,11.859,16.225,16.555,16.225
5,0,14.207,16.305,3.1416,4.6958,0.08,16.555,16.385,11.859,16.385,11.859,16.225,16.555,16.225
5,1,16.555,14.348,1.5708,3.9132,0.08,16.635,12.391,16.635,16.305,16.475,16.305,16.475,12.391
5,0,16.555,14.348,1.5708,3.9132,0.08,16.635,12.391,16.635,16.305,16.475,16.305,16.475,12.391
5,1,14.207,12.391,0,4.6958,0.08,11.859,12.311,16.555,12.311,16.555,12.471,11.859,12.471
5,0,14.207,12.391,0,4.6958,0.08,11.859,12.311,16.555,12.311,16.555,12.471,11.859,12.471
6,1,9.5343,16.408,-1.5708,4.1204,0.08,9.4543,18.468,9.4543,14.348,9.6143,14.348,9.6143,18.468
6,0,9.5343,16.408,-1.5708,4.1204,0.08,9.4543,18.468,9.4543,14.348,9.6143,14.348,9.6143,18.468
6,1,10.708,18.468,3.1416,2.3479,0.08,11.882,18.548,9.5343,18.548,9.5343,18.388,11.882,18.388
6,0,10.708,18.468,3.1416,2.3479,0.08,11.882,18.548,9.5343,18.548,9.5343,18.388,11.882,18.388
6,1,11.882,16.408,1.5708,4.1204,0.08,11.962,14.348,11.962,18.468,11.802,18.468,11.802,14.348
6,0,11.882,16.408,1.5708,4.1204,0.08,11.962,14.348,11.962,18.468,11.802,18.468,11.802,14.348
6,1,10.225,14.348,0,1.3811,0.08,9.5343,14.268,10.915,14.268,10.915,14.428,9.5343,14.428
6,1,11.664,14.348,0,0.43736,0.08,11.445,14.268,11.882,14.268,11.882,14.428,11.445,14.428
6,0,10.708,14.348,0,2.3479,0.08,9.5343,14.268,11.882,14.268,11.882,14.428,9.5343,14.428
6,2,10.394,16.895,0,0.54658,0.4441,10.121,16.673,10.121,17.117,10.668,17.117,10.668,16.673
6,3,10.326,15.853,0,0.40994,0.54658,10.121,15.579,10.121,16.126,10.531,16.126,10.531,15.579
7,1,9.5573,12.748,-1.5708,3.1996,0.08,9.4773,14.348,9.4773,11.148,9.6373,11.148,9.6373,14.348
7,0,9.5573,12.748,-1.5708,3.1996,0.08,9.4773,14.348,9.4773,11.148,9.6373,11.148,9.6373,14.348
7,1,10.708,14.348,3.1416,2.3019,0.08,11.859,14.428,9.5573,14.428,9.5573,14.268,11.859,14.268
7,0,10.708,14.348,3.1416,2.3019,0.08,11.859,14.428,9.5573,14.428,9.5573,14.268,11.859,14.268
7,1,11.859,11.85,1.5708,1.4042,0.08,11.939,11.148,11.939,12.553,11.779,12.553,11.779,11.148
7,1,11.859,12.391,-1.5708,1.7955,0.08,11.779,13.289,11.779,11.494,11.939,11.494,11.939,13.289
7,1,11.859,13.232,1.5708,2.2328,0.08,11.939,12.115,11.939,14.348,11.779,14.348,11.779,12.115
7,0,11.859,12.748,1.5708,3.1996,0.08,11.939,11.148,11.939,14.348,11.779,14.348,11.779,11.148
7,1,10.236,11.148,0,1.3581,0.08,9.5573,11.068,10.915,11.068,10.915,11.228,9.5573,11.228
7,1,11.744,11.148,0,0.23019,0.08,11.629,11.068,11.859,11.068,11.859,11.228,11.629,11.228
7,0,10.708,11.148,0,2.3019,0.08,9.5573,11.068,11.859,11.068,11.859,11.228,9.5573,11.228
8,1,9.4652,10.596,-1.5708,1.1509,0.08,9.3852,11.171,9.3852,10.02,9.5452,10.02,9.5452,11.171
8,0,9.4652,10.596,-1.5708,1.1509,0.08,9.3852,11.171,9.3852,10.02,9.5452,10.02,9.5452,11.171
8,1,11.618,11.171,3.1416,0.16113,0.08,11.698,11.251,11.537,11.251,11.537,11.091,11.698,11.091
8,1,10.317,11.171,3.1416,1.7034,0.08,11.169,11.251,9.4652,11.251,9.4652,11.091,11.169,11.091
8,0,10.582,11.171,3.1416,2.2328,0.08,11.698,11.251,9.4652,11.251,9.4652,11.091,11.698,11.091
8,1,11.698,10.596,1.5708,1.1509,0.08,11.778,10.02,11.778,11.171,11.618,11.171,11.618,10.02
8,0,11.698,10.596,1.5708,1.1509,0.08,11.778,10.02,11.778,11.171,11.618,11.171,11.618,10.02
8,1,10.582,10.02,0,2.2328,0.08,9.4652,9.9405,11.698,9.9405,11.698,10.1,9.4652,10.1
8,0,10.582,10.02,0,2.2328,0.08,9.4652,9.9405,11.698,9.9405,11.698,10.1,9.4652,10.1
9,1,9.4883,8.6623,-1.5708,2.6702,0.08,9.4083,9.9974,9.4083,7.3273,9.5683,7.3273,9.5683,9.9974
9,0,9.4883,8.6623,-1.5708,2.6702,0.08,9.4083,9.9974,9.4083,7.3273,9.5683,7.3273,9.5683,9.9974
9,1,10.639,9.9974,3.1416,2.3019,0.08,11.79,10.077,9.4883,10.077,9.4883,9.9174,11.79,9.9174
9,0,10.639,9.9974,3.1416,2.3019,0.08,11.79,10.077,9.4883,10.077,9.4883,9.9174,11.79,9.9174
9,1,11.79,7.5344,1.5708,0.41434,0.08,11.87,7.3273,11.87,7.7416,11.71,7.7416,11.71,7.3273
9,1,11.79,9.1918,1.5708,1.6113,0.08,11.87,8.3861,11.87,9.9974,11.71,9.9974,11.71,8.3861
9,0,11.79,8.6623,1.5708,2.6702,0.08,11.87,7.3273,11.87,9.9974,11.71,9.9974,11.71,7.3273
9,1,10.639,7.3273,0,2.3019,0.08,9.4883,7.2473,11.79,7.2473,11.79,7.4073,9.4883,7.4073
9,0,10.639,7.3273,0,2.3019,0.08,9.4883,7.2473,11.79,7.2473,11.79,7.4073,9.4883,7.4073
9,2,10.019,7.9613,0,0.47826,0.34162,9.7795,7.7905,9.7795,8.1321,10.258,8.1321,10.258,7.7905
9,3,9.9332,8.6445,0,0.58075,0.61491,9.6429,8.3371,9.6429,8.952,10.224,8.952,10.224,8.3371
