1,1,5.0111,5.735,-1.5708,5.3846,0.08,4.9311,8.4273,4.9311,3.0427,5.0911,3.0427,5.0911,8.4273
1,0,5.0111,5.735,-1.5708,5.3846,0.08,4.9311,8.4273,4.9311,3.0427,5.0911,3.0427,5.0911,8.4273
1,1,8.4789,8.4273,3.1416,1.5733,0.08,9.2656,8.5073,7.6923,8.5073,7.6923,8.3473,9.2656,8.3473
1,1,6.0636,8.4273,3.1416,2.1051,0.08,7.1162,8.5073,5.0111,8.5073,5.0111,8.3473,7.1162,8.3473
1,0,7.1383,8.4273,3.1416,4.2545,0.08,9.2656,8.5073,5.0111,8.5073,5.0111,8.3473,9.2656,8.3473
1,1,9.2656,5.735,1.5708,5.3846,0.08,9.3456,3.0427,9.3456,8.4273,9.1856,8.4273,9.1856,3.0427
1,0,9.2656,5.735,1.5708,5.3846,0.08,9.3456,3.0427,9.3456,8.4273,9.1856,8.4273,9.1856,3.0427
1,1,7.1383,3.0427,0,4.2545,0.08,5.0111,2.9627,9.2656,2.9627,9.2656,3.1227,5.0111,3.1227
1,0,7.1383,3.0427,0,4.2545,0.08,5.0111,2.9627,9.2656,2.9627,9.2656,3.1227,5.0111,3.1227
1,3,6.3759,8.0411,0,0.82935,0.36059,5.9612,7.8608,5.9612,8.2214,6.7905,8.2214,6.7905,7.8608
1,5,5.3482,6.5807,0,0.50482,0.68511,5.0958,6.2382,5.0958,6.9233,5.6006,6.9233,5.6006,6.2382
2,1,7.8031,16.936,-1.5708,3.3238,0.08,7.7231,18.598,7.7231,15.274,7.8831,15.274,7.8831,18.598
2,0,7.8031,16.936,-1.5708,3.3238,0.08,7.7231,18.598,7.7231,15.274,7.8831,15.274,7.8831,18.598
2,1,9.332,18.598,3.1416,3.0579,0.08,10.861,18.678,7.8031,18.678,7.8031,18.518,10.861,18.518
2,0,9.332,18.598,3.1416,3.0579,0.08,10.861,18.678,7.8031,18.678,7.8031,18.518,10.861,18.518
2,1,10.861,16.936,1.5708,3.3238,0.08,10.941,15.274,10.941,18.598,10.781,18.598,10.781,15.274
2,0,10.861,16.936,1.5708,3.3238,0.08,10.941,15.274,10.941,18.598,10.781,18.598,10.781,15.274
2,1,8.9443,15.274,0,2.2823,0.08,7.8031,15.194,10.085,15.194,10.085,15.354,7.8031,15.354
2,1,10.761,15.274,0,0.19943,0.08,10.662,15.194,10.861,15.194,10.861,15.354,10.662,15.354
2,0,9.332,15.274,0,3.0579,0.08,7.8031,15.194,10.861,15.194,10.861,15.354,7.8031,15.354
3,1,4.9778,10.156,-1.5773,3.4125,0.08,4.9089,11.862,4.8868,8.45,5.0468,8.4489,5.0689,11.861
3,0,4.9778,10.156,-1.5773,3.4125,0.08,4.9089,11.862,4.8868,8.45,5.0468,8.4489,5.0689,11.861
3,1,6.7727,11.862,3.1416,3.5676,0.08,8.5565,11.942,4.9889,11.942,4.9889,11.782,8.5565,11.782
3,0,6.7727,11.862,3.1416,3.5676,0.08,8.5565,11.942,4.9889,11.942,4.9889,11.782,8.5565,11.782
3,1,8.5786,10.754,1.5908,2.2163,0.08,8.6808,9.6476,8.6365,11.864,8.4765,11.86,8.5208,9.6444
3,0,8.5786,10.754,1.5908,2.2163,0.08,8.6808,9.6476,8.6365,11.864,8.4765,11.86,8.5208,9.6444
3,1,7.8363,9.6239,0.028977,1.5296,0.08,7.0742,9.5217,8.6031,9.5661,8.5985,9.726,7.0695,9.6817
3,0,7.8363,9.6239,0.028977,1.5296,0.08,7.0742,9.5217,8.6031,9.5661,8.5985,9.726,7.0695,9.6817
3,1,7.0125,8.5931,1.512,0.24333,0.08,7.0852,8.4669,7.0995,8.7098,6.9398,8.7192,6.9255,8.4763
3,1,7.0646,9.4777,1.512,0.24853,0.08,7.1371,9.3489,7.1517,9.597,6.992,9.6064,6.9774,9.3583
3,0,7.0386,9.0367,1.512,1.132,0.08,7.0852,8.4669,7.1517,9.597,6.992,9.6064,6.9255,8.4763
3,1,5.9861,8.4605,0.010869,2.0387,0.08,4.9676,8.3695,7.0062,8.3916,7.0045,8.5516,4.9659,8.5295
3,0,5.9861,8.4605,0.010869,2.0387,0.08,4.9676,8.3695,7.0062,8.3916,7.0045,8.5516,4.9659,8.5295
4,1,7.8917,12.538,-1.5708,1.263,0.08,7.8117,13.169,7.8117,11.906,7.9717,11.906,7.9717,13.169
4,0,7.8917,12.538,-1.5708,1.263,0.08,7.8117,13.169,7.8117,11.906,7.9717,11.906,7.9717,13.169
4,1,8.2352,13.169,3.1416,0.68692,0.08,8.5786,13.249,7.8917,13.249,7.8917,13.089,8.5786,13.089
4,0,8.2352,13.169,3.1416,0.68692,0.08,8.5786,13.249,7.8917,13.249,7.8917,13.089,8.5786,13.089
4,1,8.5786,12.15,1.5708,0.48749,0.08,8.6586,11.906,8.6586,12.394,8.4986,12.394,8.4986,11.906
4,1,8.5786,13.092,1.5708,0.15511,0.08,8.6586,13.014,8.6586,13.169,8.4986,13.169,8.4986,13.014
4,0,8.5786,12.538,1.5708,1.263,0.08,8.6586,11.906,8.6586,13.169,8.4986,13.169,8.4986,11.906
4,1,8.2352,11.906,0,0.68692,0.08,7.8917,11.826,8.5786,11.826,8.5786,11.986,7.8917,11.986
4,0,8.2352,11.906,0,0.68692,0.08,7.8917,11.826,8.5786,11.826,8.5786,11.986,7.8917,11.986
4,2,8.287,12.278,0,0.32453,0.54088,8.1247,12.008,8.1247,12.548,8.4492,12.548,8.4492,12.008
5,1,8.8999,13.214,0.022468,1.9726,0.08,7.9157,13.111,9.8878,13.156,9.8842,13.316,7.9121,13.271
5,0,8.8999,13.214,0.022468,1.9726,0.08,7.9157,13.111,9.8878,13.156,9.8842,13.316,7.9121,13.271
5,1,9.9192,13.635,1.4877,0.80048,0.08,9.9657,13.229,10.032,14.027,9.8728,14.04,9.8063,13.242
5,0,9.9192,13.635,1.4877,0.80048,0.08,9.9657,13.229,10.032,14.027,9.8728,14.04,9.8063,13.242
5,1,9.609,14.022,-3.1093,0.68728,0.08,9.9499,14.113,9.263,14.091,9.2681,13.931,9.9551,13.953
5,0,9.609,14.022,-3.1093,0.68728,0.08,9.9499,14.113,9.263,14.091,9.2681,13.931,9.9551,13.953
5,1,9.2616,14.232,1.5887,0.44192,0.08,9.3456,14.013,9.3377,14.455,9.1777,14.452,9.1856,14.01
5,1,9.245,15.163,1.5887,0.17922,0.08,9.3266,15.074,9.3234,15.254,9.1634,15.251,9.1666,15.072
5,0,9.2545,14.632,1.5887,1.2411,0.08,9.3456,14.013,9.3234,15.254,9.1634,15.251,9.1856,14.01
5,1,8.5122,15.252,3.1416,1.4625,0.08,9.2434,15.332,7.7809,15.332,7.7809,15.172,9.2434,15.172
5,0,8.5122,15.252,3.1416,1.4625,0.08,9.2434,15.332,7.7809,15.332,7.7809,15.172,9.2434,15.172
5,1,7.8474,14.222,-1.5064,2.065,0.08,7.7011,15.247,7.834,13.186,7.9937,13.197,7.8608,15.257
5,0,7.8474,14.222,-1.5064,2.065,0.08,7.7011,15.247,7.834,13.186,7.9937,13.197,7.8608,15.257
5,3,8.0886,14.964,0,0.28847,0.4327,7.9444,14.748,7.9444,15.181,8.2329,15.181,8.2329,14.748
6,1,7.0528,9.4473,-1.5508,0.30883,0.08,6.9697,9.6001,6.9759,9.2913,7.1358,9.2945,7.1297,9.6033
6,1,7.0687,8.6502,-1.5508,0.31282,0.08,6.9856,8.8049,6.9919,8.4922,7.1518,8.4954,7.1456,8.8081
6,0,7.0608,9.0477,-1.5508,1.1082,0.08,6.9697,9.6001,6.9919,8.4922,7.1518,8.4954,7.1297,9.6033
6,1,7.8142,9.6349,-3.0981,1.5304,0.08,8.5752,9.7481,7.0462,9.6816,7.0532,9.5218,8.5821,9.5883
6,0,7.8142,9.6349,-3.0981,1.5304,0.08,8.5752,9.7481,7.0462,9.6816,7.0532,9.5218,8.5821,9.5883
6,1,8.5897,11.43,-1.5771,3.5233,0.08,8.5208,13.192,8.4986,9.6687,8.6586,9.6677,8.6808,13.191
6,0,8.5897,11.43,-1.5771,3.5233,0.08,8.5208,13.192,8.4986,9.6687,8.6586,9.6677,8.6808,13.191
6,1,9.2656,13.191,3.1416,1.3295,0.08,9.9303,13.271,8.6008,13.271,8.6008,13.111,9.9303,13.111
6,0,9.2656,13.191,3.1416,1.3295,0.08,9.9303,13.271,8.6008,13.271,8.6008,13.111,9.9303,13.111
6,1,9.9525,13.568,-1.6296,0.7547,0.08,9.8948,13.95,9.8505,13.196,10.01,13.187,10.055,13.94
6,0,9.9525,13.568,-1.6296,0.7547,0.08,9.8948,13.95,9.8505,13.196,10.01,13.187,10.055,13.94
6,1,9.609,13.989,-0.12062,0.73659,0.08,9.2338,13.954,9.965,13.865,9.9843,14.024,9.253,14.113
6,0,9.609,13.989,-0.12062,0.73659,0.08,9.2338,13.954,9.965,13.865,9.9843,14.024,9.253,14.113
6,1,9.2434,15.164,-1.5708,0.088635,0.08,9.1634,15.208,9.1634,15.119,9.3234,15.119,9.3234,15.208
6,1,9.2434,14.244,-1.5708,0.42102,0.08,9.1634,14.454,9.1634,14.033,9.3234,14.033,9.3234,14.454
6,0,9.2434,14.621,-1.5708,1.1744,0.08,9.1634,15.208,9.1634,14.033,9.3234,14.033,9.3234,15.208
6,1,10.703,15.33,-3.0585,0.27235,0.08,10.832,15.421,10.561,15.398,10.574,15.238,10.845,15.261
6,1,9.6643,15.243,-3.0585,0.84464,0.08,10.078,15.358,9.2368,15.288,9.25,15.128,10.092,15.198
6,0,10.041,15.274,-3.0585,1.601,0.08,10.832,15.421,9.2368,15.288,9.25,15.128,10.845,15.261
6,1,10.861,13.624,1.5837,3.4349,0.08,10.963,11.907,10.919,15.342,10.759,15.34,10.803,11.905
6,0,10.861,13.624,1.5837,3.4349,0.08,10.963,11.907,10.919,15.342,10.759,15.34,10.803,11.905
6,1,10.196,11.884,0.032247,1.3746,0.08,9.5119,11.782,10.886,11.826,10.881,11.986,9.5067,11.942
6,0,10.196,11.884,0.032247,1.3746,0.08,9.5119,11.782,10.886,11.826,10.881,11.986,9.5067,11.942
6,1,9.334,8.4644,1.5192,0.074383,0.08,9.4119,8.4232,9.4158,8.4975,9.256,8.5057,9.2521,8.4314
6,1,9.438,10.48,1.5192,2.7673,0.08,9.4466,9.0942,9.5892,11.858,9.4294,11.866,9.2868,9.1024
6,0,9.4207,10.145,1.5192,3.4392,0.08,9.4119,8.4232,9.5892,11.858,9.4294,11.866,9.2521,8.4314
6,1,7.1604,8.4912,-0.029403,0.17719,0.08,7.0695,8.4138,7.2466,8.4086,7.2513,8.5685,7.0742,8.5737
6,1,8.5562,8.4501,-0.029403,1.5524,0.08,7.778,8.393,9.3297,8.3473,9.3344,8.5073,7.7827,8.5529
6,0,8.2019,8.4605,-0.029403,2.2612,0.08,7.0695,8.4138,9.3297,8.3473,9.3344,8.5073,7.0742,8.5737
