1,1,0.70731,2.4071,-1.5608,4.0953,0.08,0.6069,4.4538,0.64772,0.35873,0.80771,0.36033,0.76689,4.4554
1,0,0.70731,2.4071,-1.5608,4.0953,0.08,0.6069,4.4538,0.64772,0.35873,0.80771,0.36033,0.76689,4.4554
1,1,3.2106,4.4818,-3.1308,5.0478,0.08,5.7335,4.5891,0.68604,4.5346,0.68776,4.3746,5.7352,4.4291
1,0,3.2106,4.4818,-3.1308,5.0478,0.08,5.7335,4.5891,0.68604,4.5346,0.68776,4.3746,5.7352,4.4291
1,1,5.7208,5.0056,-1.5434,0.99354,0.08,5.6272,5.5,5.6544,4.5069,5.8143,4.5112,5.7871,5.5044
1,0,5.7208,5.0056,-1.5434,0.99354,0.08,5.6272,5.5,5.6544,4.5069,5.8143,4.5112,5.7871,5.5044
1,1,8.0679,5.4751,3.1301,2.3806,0.08,9.259,5.5414,6.8786,5.5688,6.8767,5.4088,9.2571,5.3814
1,1,5.9048,5.5,3.1301,0.3953,0.08,6.1033,5.5777,5.7081,5.5822,5.7062,5.4222,6.1015,5.4177
1,0,7.4826,5.4818,3.1301,3.5511,0.08,9.259,5.5414,5.7081,5.5822,5.7062,5.4222,9.2571,5.3814
1,1,9.2649,3.2574,1.5739,4.408,0.08,9.3517,1.0536,9.3381,5.4617,9.1781,5.4612,9.1917,1.0531
1,0,9.2649,3.2574,1.5739,4.408,0.08,9.3517,1.0536,9.3381,5.4617,9.1781,5.4612,9.1917,1.0531
1,1,7.8703,1.0262,0.019415,2.8032,0.08,6.4706,0.91898,9.2732,0.9734,9.2701,1.1334,6.4675,1.0789
1,0,7.8703,1.0262,0.019415,2.8032,0.08,6.4706,0.91898,9.2732,0.9734,9.2701,1.1334,6.4675,1.0789
1,1,6.4418,0.62483,1.4982,0.75025,0.08,6.4944,0.24489,6.5488,0.99316,6.3892,1.0048,6.3348,0.25649
1,0,6.4418,0.62483,1.4982,0.75025,0.08,6.4944,0.24489,6.5488,0.99316,6.3892,1.0048,6.3348,0.25649
1,1,3.5712,0.30511,-0.019136,5.6879,0.08,0.72618,0.27954,6.4131,0.1707,6.4161,0.33067,0.72924,0.43951
1,0,3.5712,0.30511,-0.019136,5.6879,0.08,0.72618,0.27954,6.4131,0.1707,6.4161,0.33067,0.72924,0.43951
1,3,7.4985,1.3856,0,1.4941,0.50477,6.7515,1.1332,6.7515,1.638,8.2456,1.638,8.2456,1.1332
1,5,8.6999,2.809,0,0.62591,0.56534,8.3869,2.5263,8.3869,3.0917,9.0128,3.0917,9.0128,2.5263
2,1,0.6869,5.9444,-1.5708,2.9523,0.08,0.6069,7.4205,0.6069,4.4682,0.7669,4.4682,0.7669,7.4205
2,0,0.6869,5.9444,-1.5708,2.9523,0.08,0.6069,7.4205,0.6069,4.4682,0.7669,4.4682,0.7669,7.4205
2,1,3.2106,7.4205,3.1416,5.0475,0.08,5.7344,7.5005,0.6869,7.5005,0.6869,7.3405,5.7344,7.3405
2,0,3.2106,7.4205,3.1416,5.0475,0.08,5.7344,7.5005,0.6869,7.5005,0.6869,7.3405,5.7344,7.3405
2,1,5.7344,5.5498,1.5708,2.1632,0.08,5.8144,4.4682,5.8144,6.6314,5.6544,6.6314,5.6544,4.4682
2,1,5.7344,7.2981,1.5708,0.24489,0.08,5.8144,7.1756,5.8144,7.4205,5.6544,7.4205,5.6544,7.1756
2,0,5.7344,5.9444,1.5708,2.9523,0.08,5.8144,4.4682,5.8144,7.4205,5.6544,7.4205,5.6544,4.4682
2,1,3.2106,4.4682,0,5.0475,0.08,0.6869,4.3882,5.7344,4.3882,5.7344,4.5482,0.6869,4.5482
2,0,3.2106,4.4682,0,5.0475,0.08,0.6869,4.3882,5.7344,4.3882,5.7344,4.5482,0.6869,4.5482
3,1,0.6869,9.8082,-1.5708,4.8026,0.08,0.6069,12.209,0.6069,7.4069,0.7669,7.4069,0.7669,12.209
3,0,0.6869,9.8082,-1.5708,4.8026,0.08,0.6069,12.209,0.6069,7.4069,0.7669,7.4069,0.7669,12.209
3,1,4.7276,12.209,3.1416,2.5305,0.08,5.9929,12.289,3.4623,12.289,3.4623,12.129,5.9929,12.129
3,1,4.0745,12.209,0,2.5305,0.08,2.8093,12.129,5.3398,12.129,5.3398,12.289,2.8093,12.289
3,1,2.2719,12.209,3.1416,3.17,0.08,3.8569,12.289,0.6869,12.289,0.6869,12.129,3.8569,12.129
3,0,3.3399,12.209,3.1416,5.306,0.08,5.9929,12.289,0.6869,12.289,0.6869,12.129,5.9929,12.129
3,1,5.9929,7.5226,1.5708,0.23129,0.08,6.0729,7.4069,6.0729,7.6382,5.9129,7.6382,5.9129,7.4069
3,1,5.9929,10.237,1.5708,3.9455,0.08,6.0729,8.264,6.0729,12.209,5.9129,12.209,5.9129,8.264
3,0,5.9929,9.8082,1.5708,4.8026,0.08,6.0729,7.4069,6.0729,12.209,5.9129,12.209,5.9129,7.4069
3,1,3.3399,7.4069,0,5.306,0.08,0.6869,7.3269,5.9929,7.3269,5.9929,7.4869,0.6869,7.4869
3,0,3.3399,7.4069,0,5.306,0.08,0.6869,7.3269,5.9929,7.3269,5.9929,7.4869,0.6869,7.4869
4,1,6.0065,12.38,-1.5708,1.3469,0.08,5.9265,13.053,5.9265,11.706,6.0865,11.706,6.0865,13.053
4,1,6.0065,11.026,-1.5708,0.35373,0.08,5.9265,11.203,5.9265,10.849,6.0865,10.849,6.0865,11.203
4,0,6.0065,11.951,-1.5708,2.204,0.08,5.9265,13.053,5.9265,10.849,6.0865,10.849,6.0865,13.053
4,1,7.605,13.053,3.1416,3.1972,0.08,9.2036,13.133,6.0065,13.133,6.0065,12.973,9.2036,12.973
4,0,7.605,13.053,3.1416,3.1972,0.08,9.2036,13.133,6.0065,13.133,6.0065,12.973,9.2036,12.973
4,1,9.2036,11.951,1.5708,2.204,0.08,9.2836,10.849,9.2836,13.053,9.1236,13.053,9.1236,10.849
4,0,9.2036,11.951,1.5708,2.204,0.08,9.2836,10.849,9.2836,13.053,9.1236,13.053,9.1236,10.849
4,1,7.605,10.849,0,3.1972,0.08,6.0065,10.769,9.2036,10.769,9.2036,10.929,6.0065,10.929
4,0,7.605,10.849,0,3.1972,0.08,6.0065,10.769,9.2036,10.769,9.2036,10.929,6.0065,10.929
4,2,6.5092,12.561,0,0.6461,0.6461,6.1861,12.238,6.1861,12.884,6.8322,12.884,6.8322,12.238
4,3,7.5086,12.733,0,0.50477,0.38362,7.2562,12.541,7.2562,12.925,7.761,12.925,7.761,12.541
5,1,6.0337,9.6858,-1.5708,2.2992,0.08,5.9537,10.835,5.9537,8.5361,6.1137,8.5361,6.1137,10.835
5,0,6.0337,9.6858,-1.5708,2.2992,0.08,5.9537,10.835,5.9537,8.5361,6.1137,8.5361,6.1137,10.835
5,1,7.6255,10.835,3.1416,3.1836,0.08,9.2172,10.915,6.0337,10.915,6.0337,10.755,9.2172,10.755
5,0,7.6255,10.835,3.1416,3.1836,0.08,9.2172,10.915,6.0337,10.915,6.0337,10.755,9.2172,10.755
5,1,9.2172,9.6858,1.5708,2.2992,0.08,9.2972,8.5361,9.2972,10.835,9.1372,10.835,9.1372,8.5361
5,0,9.2172,9.6858,1.5708,2.2992,0.08,9.2972,8.5361,9.2972,10.835,9.1372,10.835,9.1372,8.5361
5,1,6.6935,8.5361,0,1.3197,0.08,6.0337,8.4561,7.3534,8.4561,7.3534,8.6161,6.0337,8.6161
5,1,8.7139,8.5361,0,1.0068,0.08,8.2105,8.4561,9.2172,8.4561,9.2172,8.6161,8.2105,8.6161
5,0,7.6255,8.5361,0,3.1836,0.08,6.0337,8.4561,9.2172,8.4561,9.2172,8.6161,6.0337,8.6161
5,2,6.7414,8.9773,0,0.58553,0.38362,6.4486,8.7855,6.4486,9.1691,7.0341,9.1691,7.0341,8.7855
5,3,6.4082,9.684,0,0.76725,0.34324,6.0246,9.5123,6.0246,9.8556,6.7919,9.8556,6.7919,9.5123
6,1,5.7387,7.8496,-1.5435,1.3192,0.08,5.6408,8.5068,5.6767,7.188,5.8367,7.1924,5.8007,8.5111
6,1,5.7508,7.4074,1.5981,1.6063,0.08,5.8527,6.6067,5.8089,8.2124,5.6489,8.208,5.6927,6.6024
6,1,5.7736,6.5713,-1.5435,2.1117,0.08,5.6648,7.6246,5.7224,5.5136,5.8824,5.518,5.8248,7.6289
6,0,5.7616,7.0124,-1.5435,2.9942,0.08,5.6408,8.5068,5.7224,5.5136,5.8824,5.518,5.8007,8.5111
6,1,8.6866,8.5436,-3.1299,1.0614,0.08,9.2163,8.6297,8.1549,8.6174,8.1568,8.4574,9.2182,8.4698
6,1,6.5778,8.5189,-3.1299,1.7143,0.08,7.434,8.6089,5.7198,8.5889,5.7217,8.4289,7.4358,8.4489
6,0,7.469,8.5293,-3.1299,3.4967,0.08,9.2163,8.6297,5.7198,8.5889,5.7217,8.4289,9.2182,8.4698
6,1,9.196,6.7615,1.5589,0.99488,0.08,9.27,6.2632,9.2819,7.258,9.1219,7.2599,9.11,6.2651
6,1,9.2136,8.2443,1.5589,0.61089,0.08,9.29,7.938,9.2972,8.5488,9.1372,8.5507,9.13,7.9399
6,0,9.2036,7.4069,1.5589,2.2858,0.08,9.27,6.2632,9.2972,8.5488,9.1372,8.5507,9.11,6.2651
6,1,7.537,6.2641,0,0.61223,0.08,7.2309,6.1841,7.8431,6.1841,7.8431,6.3441,7.2309,6.3441
6,1,8.9315,6.2641,0,0.51699,0.08,8.673,6.1841,9.19,6.1841,9.19,6.3441,8.673,6.3441
6,0,8.2105,6.2641,0,1.9591,0.08,7.2309,6.1841,9.19,6.1841,9.19,6.3441,7.2309,6.3441
6,1,7.2377,5.8764,1.5883,0.77561,0.08,7.3245,5.49,7.3109,6.2655,7.1509,6.2627,7.1645,5.4872
6,0,7.2377,5.8764,1.5883,0.77561,0.08,7.3245,5.49,7.3109,6.2655,7.1509,6.2627,7.1645,5.4872
6,1,5.9526,5.513,-0.018866,0.30054,0.08,5.8009,5.4358,6.1014,5.4302,6.1044,5.5901,5.8039,5.5958
6,1,7.1222,5.4909,-0.018866,0.24459,0.08,6.9985,5.4132,7.243,5.4086,7.246,5.5686,7.0015,5.5732
6,0,6.5235,5.5022,-0.018866,1.4424,0.08,5.8009,5.4358,7.243,5.4086,7.246,5.5686,5.8039,5.5958
7,1,2.4692,12.665,-1.5708,0.85712,0.08,2.3892,13.094,2.3892,12.237,2.5492,12.237,2.5492,13.094
7,0,2.4692,12.665,-1.5708,0.85712,0.08,2.3892,13.094,2.3892,12.237,2.5492,12.237,2.5492,13.094
7,1,4.2378,13.094,3.1416,3.5373,0.08,6.0065,13.174,2.4692,13.174,2.4692,13.014,6.0065,13.014
7,0,4.2378,13.094,3.1416,3.5373,0.08,6.0065,13.174,2.4692,13.174,2.4692,13.014,6.0065,13.014
7,1,6.0065,12.665,1.5708,0.85712,0.08,6.0865,12.237,6.0865,13.094,5.9265,13.094,5.9265,12.237
7,0,6.0065,12.665,1.5708,0.85712,0.08,6.0865,12.237,6.0865,13.094,5.9265,13.094,5.9265,12.237
7,1,2.6664,12.237,0,0.39455,0.08,2.4692,12.157,2.8637,12.157,2.8637,12.317,2.4692,12.317
7,1,3.6936,12.237,0,0.2721,0.08,3.5576,12.157,3.8297,12.157,3.8297,12.317,3.5576,12.317
7,1,5.6867,12.237,0,0.63944,0.08,5.367,12.157,6.0065,12.157,6.0065,12.317,5.367,12.317
7,0,4.2378,12.237,0,3.5373,0.08,2.4692,12.157,6.0065,12.157,6.0065,12.317,2.4692,12.317
