1,1,3.5349,2.2233,-1.5708,3.4948,0.08,3.4549,3.9707,3.4549,0.47594,3.6149,0.47594,3.6149,3.9707
1,0,3.5349,2.2233,-1.5708,3.4948,0.08,3.4549,3.9707,3.4549,0.47594,3.6149,0.47594,3.6149,3.9707
1,1,5.9901,3.9707,3.1416,2.2321,0.08,7.1062,4.0507,4.8741,4.0507,4.8741,3.8907,7.1062,3.8907
1,1,3.7517,3.9707,3.1416,0.43366,0.08,3.9685,4.0507,3.5349,4.0507,3.5349,3.8907,3.9685,3.8907
1,0,5.3205,3.9707,3.1416,3.5713,0.08,7.1062,4.0507,3.5349,4.0507,3.5349,3.8907,7.1062,3.8907
1,1,7.1062,2.2233,1.5708,3.4948,0.08,7.1862,0.47594,7.1862,3.9707,7.0262,3.9707,7.0262,0.47594
1,0,7.1062,2.2233,1.5708,3.4948,0.08,7.1862,0.47594,7.1862,3.9707,7.0262,3.9707,7.0262,0.47594
1,1,5.3205,0.47594,0,3.5713,0.08,3.5349,0.39594,7.1062,0.39594,7.1062,0.55594,3.5349,0.55594
1,0,5.3205,0.47594,0,3.5713,0.08,3.5349,0.39594,7.1062,0.39594,7.1062,0.55594,3.5349,0.55594
2,1,5.0909,5.7308,-1.5708,1.3775,0.08,5.0109,6.4196,5.0109,5.0421,5.1709,5.0421,5.1709,6.4196
2,1,5.0909,4.2832,-1.5708,0.44641,0.08,5.0109,4.5064,5.0109,4.06,5.1709,4.06,5.1709,4.5064
2,0,5.0909,5.2398,-1.5708,2.3596,0.08,5.0109,6.4196,5.0109,4.06,5.1709,4.06,5.1709,6.4196
2,1,6.1368,6.4196,3.1416,2.0918,0.08,7.1827,6.4996,5.0909,6.4996,5.0909,6.3396,7.1827,6.3396
2,0,6.1368,6.4196,3.1416,2.0918,0.08,7.1827,6.4996,5.0909,6.4996,5.0909,6.3396,7.1827,6.3396
2,1,7.1827,5.2398,1.5708,2.3596,0.08,7.2627,4.06,7.2627,6.4196,7.1027,6.4196,7.1027,4.06
2,0,7.1827,5.2398,1.5708,2.3596,0.08,7.2627,4.06,7.2627,6.4196,7.1027,6.4196,7.1027,4.06
2,1,6.1368,4.06,0,2.0918,0.08,5.0909,3.98,7.1827,3.98,7.1827,4.14,5.0909,4.14
2,0,6.1368,4.06,0,2.0918,0.08,5.0909,3.98,7.1827,3.98,7.1827,4.14,5.0909,4.14
2,2,6.584,5.1401,0,0.75715,0.3975,6.2054,4.9413,6.2054,5.3388,6.9626,5.3388,6.9626,4.9413
2,3,6.7827,4.4208,0,0.54893,0.32179,6.5083,4.2599,6.5083,4.5817,7.0572,4.5817,7.0572,4.2599
3,1,3.5604,5.7755,-1.5708,1.3137,0.08,3.4804,6.4323,3.4804,5.1186,3.6404,5.1186,3.6404,6.4323
3,1,3.5604,4.2386,-1.5708,0.40815,0.08,3.4804,4.4426,3.4804,4.0345,3.6404,4.0345,3.6404,4.4426
3,0,3.5604,5.2334,-1.5708,2.3979,0.08,3.4804,6.4323,3.4804,4.0345,3.6404,4.0345,3.6404,6.4323
3,1,4.8167,6.4323,3.1416,0.36988,0.08,5.0017,6.5123,4.6318,6.5123,4.6318,6.3523,5.0017,6.3523
3,1,3.7198,6.4323,3.1416,0.31887,0.08,3.8793,6.5123,3.5604,6.5123,3.5604,6.3523,3.8793,6.3523
3,0,4.281,6.4323,3.1416,1.4413,0.08,5.0017,6.5123,3.5604,6.5123,3.5604,6.3523,5.0017,6.3523
3,1,5.0017,4.1939,1.5708,0.31887,0.08,5.0817,4.0345,5.0817,4.3533,4.9217,4.3533,4.9217,4.0345
3,1,5.0017,5.8137,1.5708,1.2372,0.08,5.0817,5.1952,5.0817,6.4323,4.9217,6.4323,4.9217,5.1952
3,0,5.0017,5.2334,1.5708,2.3979,0.08,5.0817,4.0345,5.0817,6.4323,4.9217,6.4323,4.9217,4.0345
3,1,3.7645,4.0345,0,0.40815,0.08,3.5604,3.9545,3.9685,3.9545,3.9685,4.1145,3.5604,4.1145
3,1,4.906,4.0345,0,0.19132,0.08,4.8103,3.9545,5.0017,3.9545,5.0017,4.1145,4.8103,4.1145
3,0,4.281,4.0345,0,1.4413,0.08,3.5604,3.9545,5.0017,3.9545,5.0017,4.1145,3.5604,4.1145
4,1,0.94569,8.3583,-1.5708,3.9284,0.08,0.86569,10.323,0.86569,6.3941,1.0257,6.3941,1.0257,10.323
4,0,0.94569,8.3583,-1.5708,3.9284,0.08,0.86569,10.323,0.86569,6.3941,1.0257,6.3941,1.0257,10.323
4,1,4.0706,10.323,3.1416,6.2498,0.08,7.1955,10.403,0.94569,10.403,0.94569,10.243,7.1955,10.243
4,0,4.0706,10.323,3.1416,6.2498,0.08,7.1955,10.403,0.94569,10.403,0.94569,10.243,7.1955,10.243
4,1,7.1955,8.3583,1.5708,3.9284,0.08,7.2755,6.3941,7.2755,10.323,7.1155,10.323,7.1155,6.3941
4,0,7.1955,8.3583,1.5708,3.9284,0.08,7.2755,6.3941,7.2755,10.323,7.1155,10.323,7.1155,6.3941
4,1,2.4252,6.3941,0,2.9591,0.08,0.94569,6.3141,3.9048,6.3141,3.9048,6.4741,0.94569,6.4741
4,1,3.4584,6.3941,3.1416,2.755,0.08,4.8359,6.4741,2.0809,6.4741,2.0809,6.3141,4.8359,6.3141
4,1,2.6803,6.3941,0,0.43366,0.08,2.4635,6.3141,2.8971,6.3141,2.8971,6.4741,2.4635,6.4741
4,1,2.2722,6.3941,3.1416,2.3979,0.08,3.4711,6.4741,1.0732,6.4741,1.0732,6.3141,3.4711,6.3141
4,1,4.4213,6.3941,0,5.5483,0.08,1.6472,6.3141,7.1955,6.3141,7.1955,6.4741,1.6472,6.4741
4,0,4.0706,6.3941,0,6.2498,0.08,0.94569,6.3141,7.1955,6.3141,7.1955,6.4741,0.94569,6.4741
4,3,5.5902,6.7679,0,1.0032,0.51108,5.0886,6.5124,5.0886,7.0235,6.0918,7.0235,6.0918,6.5124
4,5,6.7449,8.358,0,0.51108,0.62465,6.4893,8.0456,6.4893,8.6703,7.0004,8.6703,7.0004,8.0456
