1,1,2.5976,5.0463,-1.5708,5.4942,0.08,2.5176,7.7935,2.5176,2.2992,2.6776,2.2992,2.6776,7.7935
1,0,2.5976,5.0463,-1.5708,5.4942,0.08,2.5176,7.7935,2.5176,2.2992,2.6776,2.2992,2.6776,7.7935
1,1,6.4314,7.7935,3.1416,1.0744,0.08,6.9686,7.8735,5.8942,7.8735,5.8942,7.7135,6.9686,7.7135
1,1,3.9895,7.7935,3.1416,2.7838,0.08,5.3814,7.8735,2.5976,7.8735,2.5976,7.7135,5.3814,7.7135
1,0,4.7831,7.7935,3.1416,4.371,0.08,6.9686,7.8735,2.5976,7.8735,2.5976,7.7135,6.9686,7.7135
1,1,6.9686,5.0463,1.5708,5.4942,0.08,7.0486,2.2992,7.0486,7.7935,6.8886,7.7935,6.8886,2.2992
1,0,6.9686,5.0463,1.5708,5.4942,0.08,7.0486,2.2992,7.0486,7.7935,6.8886,7.7935,6.8886,2.2992
1,1,4.7831,2.2992,0,4.371,0.08,2.5976,2.2192,6.9686,2.2192,6.9686,2.3792,2.5976,2.3792
1,0,4.7831,2.2992,0,4.371,0.08,2.5976,2.2192,6.9686,2.2192,6.9686,2.3792,2.5976,2.3792
1,3,4.4022,7.4662,0,0.9241,0.39863,3.9402,7.2669,3.9402,7.6655,4.8643,7.6655,4.8643,7.2669
1,5,3.2516,7.4118,0,0.50735,0.43487,2.9979,7.1944,2.9979,7.6293,3.5053,7.6293,3.5053,7.1944
2,1,2.5366,8.8435,-1.5708,2.0756,0.08,2.4566,9.8813,2.4566,7.8057,2.6166,7.8057,2.6166,9.8813
2,0,2.5366,8.8435,-1.5708,2.0756,0.08,2.4566,9.8813,2.4566,7.8057,2.6166,7.8057,2.6166,9.8813
2,1,3.6049,9.8813,3.1416,2.1367,0.08,4.6732,9.9613,2.5366,9.9613,2.5366,9.8013,4.6732,9.8013
2,0,3.6049,9.8813,3.1416,2.1367,0.08,4.6732,9.9613,2.5366,9.9613,2.5366,9.8013,4.6732,9.8013
2,1,4.6732,8.3429,1.5708,1.0744,0.08,4.7532,7.8057,4.7532,8.8801,4.5932,8.8801,4.5932,7.8057
2,1,4.6732,9.6615,1.5708,0.43954,0.08,4.7532,9.4417,4.7532,9.8813,4.5932,9.8813,4.5932,9.4417
2,0,4.6732,8.8435,1.5708,2.0756,0.08,4.7532,7.8057,4.7532,9.8813,4.5932,9.8813,4.5932,7.8057
2,1,3.6049,7.8057,0,2.1367,0.08,2.5366,7.7257,4.6732,7.7257,4.6732,7.8857,2.5366,7.8857
2,0,3.6049,7.8057,0,2.1367,0.08,2.5366,7.7257,4.6732,7.7257,4.6732,7.8857,2.5366,7.8857
2,2,4.2935,8.2453,0,0.38051,0.43487,4.1032,8.0279,4.1032,8.4628,4.4837,8.4628,4.4837,8.0279
2,3,3.7318,8.1728,0,0.52547,0.28991,3.469,8.0279,3.469,8.3178,3.9945,8.3178,3.9945,8.0279
3,1,4.6976,9.7042,-1.5708,0.50059,0.08,4.6176,9.9545,4.6176,9.4539,4.7776,9.4539,4.7776,9.9545
3,1,4.6976,8.3856,-1.5708,1.1355,0.08,4.6176,8.9534,4.6176,7.8179,4.7776,7.8179,4.7776,8.9534
3,0,4.6976,8.8862,-1.5708,2.1367,0.08,4.6176,9.9545,4.6176,7.8179,4.7776,7.8179,4.7776,9.9545
3,1,6.1078,9.9545,3.1416,0.62268,0.08,6.4192,10.035,5.7965,10.035,5.7965,9.8745,6.4192,9.8745
3,1,4.9479,9.9545,3.1416,0.50059,0.08,5.1982,10.035,4.6976,10.035,4.6976,9.8745,5.1982,9.8745
3,0,5.5584,9.9545,3.1416,1.7215,0.08,6.4192,10.035,4.6976,10.035,4.6976,9.8745,6.4192,9.8745
3,1,6.4192,7.9339,1.5708,0.23198,0.08,6.4992,7.8179,6.4992,8.0499,6.3392,8.0499,6.3392,7.8179
3,1,6.4192,8.8679,1.5708,0.58605,0.08,6.4992,8.5749,6.4992,9.1609,6.3392,9.1609,6.3392,8.5749
3,1,6.4192,9.8385,1.5708,0.23198,0.08,6.4992,9.7226,6.4992,9.9545,6.3392,9.9545,6.3392,9.7226
3,0,6.4192,8.8862,1.5708,2.1367,0.08,6.4992,7.8179,6.4992,9.9545,6.3392,9.9545,6.3392,7.8179
3,1,5.0212,7.8179,0,0.6471,0.08,4.6976,7.7379,5.3447,7.7379,5.3447,7.8979,4.6976,7.8979
3,1,6.1628,7.8179,0,0.5128,0.08,5.9064,7.7379,6.4192,7.7379,6.4192,7.8979,5.9064,7.8979
3,0,5.5584,7.8179,0,1.7215,0.08,4.6976,7.7379,6.4192,7.7379,6.4192,7.8979,4.6976,7.8979
4,1,6.3948,8.6909,-1.5708,0.2564,0.08,6.3148,8.8191,6.3148,8.5627,6.4748,8.5627,6.4748,8.8191
4,1,6.3948,7.9156,-1.5708,0.24419,0.08,6.3148,8.0377,6.3148,7.7935,6.4748,7.7935,6.4748,8.0377
4,0,6.3948,8.3063,-1.5708,1.0256,0.08,6.3148,8.8191,6.3148,7.7935,6.4748,7.7935,6.4748,8.8191
4,1,6.6695,8.8191,3.1416,0.54942,0.08,6.9442,8.8991,6.3948,8.8991,6.3948,8.7391,6.9442,8.7391
4,0,6.6695,8.8191,3.1416,0.54942,0.08,6.9442,8.8991,6.3948,8.8991,6.3948,8.7391,6.9442,8.7391
4,1,6.9442,8.3063,1.5708,1.0256,0.08,7.0242,7.7935,7.0242,8.8191,6.8642,8.8191,6.8642,7.7935
4,0,6.9442,8.3063,1.5708,1.0256,0.08,7.0242,7.7935,7.0242,8.8191,6.8642,8.8191,6.8642,7.7935
4,1,6.6695,7.7935,0,0.54942,0.08,6.3948,7.7135,6.9442,7.7135,6.9442,7.8735,6.3948,7.8735
4,0,6.6695,7.7935,0,0.54942,0.08,6.3948,7.7135,6.9442,7.7135,6.9442,7.8735,6.3948,7.8735
5,1,6.4436,9.8141,-1.5708,0.23198,0.08,6.3636,9.9301,6.3636,9.6981,6.5236,9.6981,6.5236,9.9301
5,1,6.4436,8.9961,-1.5708,0.32965,0.08,6.3636,9.1609,6.3636,8.8313,6.5236,8.8313,6.5236,9.1609
5,0,6.4436,9.3807,-1.5708,1.0988,0.08,6.3636,9.9301,6.3636,8.8313,6.5236,8.8313,6.5236,9.9301
5,1,6.7122,9.9301,3.1416,0.53722,0.08,6.9808,10.01,6.4436,10.01,6.4436,9.8501,6.9808,9.8501
5,0,6.7122,9.9301,3.1416,0.53722,0.08,6.9808,10.01,6.4436,10.01,6.4436,9.8501,6.9808,9.8501
5,1,6.9808,9.3807,1.5708,1.0988,0.08,7.0608,8.8313,7.0608,9.9301,6.9008,9.9301,6.9008,8.8313
5,0,6.9808,9.3807,1.5708,1.0988,0.08,7.0608,8.8313,7.0608,9.9301,6.9008,9.9301,6.9008,8.8313
5,1,6.7122,8.8313,0,0.53722,0.08,6.4436,8.7513,6.9808,8.7513,6.9808,8.9113,6.4436,8.9113
5,0,6.7122,8.8313,0,0.53722,0.08,6.4436,8.7513,6.9808,8.7513,6.9808,8.9113,6.4436,8.9113
