1,1,4.3049,11.992,-1.5708,2.3157,0.08,4.2249,13.15,4.2249,10.834,4.3849,10.834,4.3849,13.15
1,0,4.3049,11.992,-1.5708,2.3157,0.08,4.2249,13.15,4.2249,10.834,4.3849,10.834,4.3849,13.15
1,1,5.1645,13.15,3.1416,1.7192,0.08,6.0242,13.23,4.3049,13.23,4.3049,13.07,6.0242,13.07
1,0,5.1645,13.15,3.1416,1.7192,0.08,6.0242,13.23,4.3049,13.23,4.3049,13.07,6.0242,13.07
1,1,6.0242,11.992,1.5708,2.3157,0.08,6.1042,10.834,6.1042,13.15,5.9442,13.15,5.9442,10.834
1,0,6.0242,11.992,1.5708,2.3157,0.08,6.1042,10.834,6.1042,13.15,5.9442,13.15,5.9442,10.834
1,1,4.4891,10.834,0,0.36841,0.08,4.3049,10.754,4.6733,10.754,4.6733,10.914,4.3049,10.914
1,1,5.6645,10.834,0,0.71927,0.08,5.3049,10.754,6.0242,10.754,6.0242,10.914,5.3049,10.914
1,0,5.1645,10.834,0,1.7192,0.08,4.3049,10.754,6.0242,10.754,6.0242,10.914,4.3049,10.914
1,2,5.6746,11.216,0,0.39751,0.35074,5.4758,11.041,5.4758,11.391,5.8733,11.391,5.8733,11.041
1,3,5.7447,11.906,0,0.35074,0.56119,5.5694,11.625,5.5694,12.186,5.9201,12.186,5.9201,11.625
2,1,0.69104,10.168,-1.5708,1.3684,0.08,0.61104,10.852,0.61104,9.4833,0.77104,9.4833,0.77104,10.852
2,0,0.69104,10.168,-1.5708,1.3684,0.08,0.61104,10.852,0.61104,9.4833,0.77104,9.4833,0.77104,10.852
2,1,5.1996,10.852,3.1416,7.1927,0.08,8.796,10.932,1.6033,10.932,1.6033,10.772,8.796,10.772
2,1,1.9805,10.852,0,2.1227,0.08,0.9191,10.772,3.0418,10.772,3.0418,10.932,0.9191,10.932
2,1,3.919,10.852,0,2.8069,0.08,2.5155,10.772,5.3224,10.772,5.3224,10.932,2.5155,10.932
2,1,2.6559,10.852,3.1416,3.9297,0.08,4.6207,10.932,0.69104,10.932,0.69104,10.772,4.6207,10.772
2,0,4.7435,10.852,3.1416,8.1049,0.08,8.796,10.932,0.69104,10.932,0.69104,10.772,8.796,10.772
2,1,8.796,9.6588,1.5708,0.35086,0.08,8.876,9.4833,8.876,9.8342,8.716,9.8342,8.716,9.4833
2,1,8.796,10.694,1.5708,0.31578,0.08,8.876,10.536,8.876,10.852,8.716,10.852,8.716,10.536
2,0,8.796,10.168,1.5708,1.3684,0.08,8.876,9.4833,8.876,10.852,8.716,10.852,8.716,9.4833
2,1,4.3225,9.4833,0,7.2629,0.08,0.69104,9.4033,7.9539,9.4033,7.9539,9.5633,0.69104,9.5633
2,1,6.6469,9.4833,3.1416,3.9472,0.08,8.6205,9.5633,4.6733,9.5633,4.6733,9.4033,8.6205,9.4033
2,1,7.0241,9.4833,0,3.5437,0.08,5.2523,9.4033,8.796,9.4033,8.796,9.5633,5.2523,9.5633
2,0,4.7435,9.4833,0,8.1049,0.08,0.69104,9.4033,8.796,9.4033,8.796,9.5633,0.69104,9.5633
3,1,0.6735,4.6239,-1.5626,4.2807,0.08,0.57596,6.7635,0.61104,2.483,0.77104,2.4843,0.73595,6.7648
3,0,0.6735,4.6239,-1.5626,4.2807,0.08,0.57596,6.7635,0.61104,2.483,0.77104,2.4843,0.73595,6.7648
3,1,2.5331,6.7466,3.1322,3.7544,0.08,4.4109,6.8091,0.6567,6.8441,0.65521,6.6841,4.4094,6.6491
3,0,2.5331,6.7466,3.1322,3.7544,0.08,4.4109,6.8091,0.6567,6.8441,0.65521,6.6841,4.4094,6.6491
3,1,4.4391,9.0007,-1.5835,0.96524,0.08,4.3653,9.4843,4.353,8.5192,4.513,8.5171,4.5253,9.4823
3,1,4.4171,7.2728,-1.5835,1.0876,0.08,4.344,7.8176,4.3302,6.7301,4.4902,6.728,4.504,7.8155
3,0,4.4277,8.1062,-1.5835,2.7545,0.08,4.3653,9.4843,4.3302,6.7301,4.4902,6.728,4.5253,9.4823
3,1,5.6374,9.4565,3.1191,0.7386,0.08,6.0084,9.5282,5.27,9.5448,5.2664,9.3849,6.0048,9.3683
3,1,4.5329,9.4814,3.1191,0.17539,0.08,4.6224,9.5594,4.4471,9.5633,4.4435,9.4033,4.6188,9.3994
3,0,5.2259,9.4658,3.1191,1.5617,0.08,6.0084,9.5282,4.4471,9.5633,4.4435,9.4033,6.0048,9.3683
3,1,6.0066,5.9484,1.5708,6.9997,0.08,6.0866,2.4485,6.0866,9.4482,5.9266,9.4482,5.9266,2.4485
3,0,6.0066,5.9484,1.5708,6.9997,0.08,6.0866,2.4485,6.0866,9.4482,5.9266,9.4482,5.9266,2.4485
3,1,3.3488,2.4661,-0.0066006,5.3157,0.08,0.69051,2.4036,6.0061,2.3685,6.0071,2.5285,0.69157,2.5636
3,0,3.3488,2.4661,-0.0066006,5.3157,0.08,0.69051,2.4036,6.0061,2.3685,6.0071,2.5285,0.69157,2.5636
4,1,6.0154,5.0011,-1.5742,5.1402,0.08,5.9442,7.5714,5.9266,2.4313,6.0866,2.4307,6.1042,7.5709
4,0,6.0154,5.0011,-1.5742,5.1402,0.08,5.9442,7.5714,5.9266,2.4313,6.0866,2.4307,6.1042,7.5709
4,1,6.8575,7.5624,3.1311,1.6667,0.08,7.6916,7.6336,6.025,7.6511,6.0233,7.4911,7.6899,7.4736
4,0,6.8575,7.5624,3.1311,1.6667,0.08,7.6916,7.6336,6.025,7.6511,6.0233,7.4911,7.6899,7.4736
4,1,7.7736,9.3599,-1.6166,0.2119,0.08,7.6986,9.4695,7.6888,9.2578,7.8487,9.2504,7.8584,9.4621
4,1,7.7157,8.0979,-1.6166,1.0897,0.08,7.6608,8.6459,7.6108,7.5572,7.7707,7.5499,7.8206,8.6385
4,0,7.7346,8.5097,-1.6166,1.9142,0.08,7.6986,9.4695,7.6108,7.5572,7.7707,7.5499,7.8584,9.4621
4,1,9.0761,9.4923,-3.1212,0.84333,0.08,9.4961,9.5809,8.6529,9.5636,8.6562,9.4037,9.4993,9.4209
4,1,7.8048,9.4663,-3.1212,0.052618,0.08,7.8294,9.5468,7.7768,9.5458,7.7801,9.3858,7.8327,9.3869
4,0,8.6381,9.4833,-3.1212,1.7196,0.08,9.4961,9.5809,7.7768,9.5458,7.7801,9.3858,9.4993,9.4209
4,1,9.5065,5.9835,1.5733,7.0348,0.08,9.5952,2.4663,9.5777,9.5011,9.4177,9.5007,9.4352,2.4659
4,0,9.5065,5.9835,1.5733,7.0348,0.08,9.5952,2.4663,9.5777,9.5011,9.4177,9.5007,9.4352,2.4659
4,1,7.7609,2.4485,0.0099997,3.5088,0.08,6.0074,2.351,9.516,2.3861,9.5144,2.5461,6.0058,2.511
4,0,7.7609,2.4485,0.0099997,3.5088,0.08,6.0074,2.351,9.516,2.3861,9.5144,2.5461,6.0058,2.511
5,1,1.1998,8.1062,-1.5708,2.6841,0.08,1.1198,9.4482,1.1198,6.7641,1.2798,6.7641,1.2798,9.4482
5,0,1.1998,8.1062,-1.5708,2.6841,0.08,1.1198,9.4482,1.1198,6.7641,1.2798,6.7641,1.2798,9.4482
5,1,2.0769,9.4482,3.1416,1.7543,0.08,2.9541,9.5282,1.1998,9.5282,1.1998,9.3682,2.9541,9.3682
5,0,2.0769,9.4482,3.1416,1.7543,0.08,2.9541,9.5282,1.1998,9.5282,1.1998,9.3682,2.9541,9.3682
5,1,2.9541,7.3167,1.5708,1.1052,0.08,3.0341,6.7641,3.0341,7.8694,2.8741,7.8694,2.8741,6.7641
5,1,2.9541,9.0009,1.5708,0.8947,0.08,3.0341,8.5535,3.0341,9.4482,2.8741,9.4482,2.8741,8.5535
5,0,2.9541,8.1062,1.5708,2.6841,0.08,3.0341,6.7641,3.0341,9.4482,2.8741,9.4482,2.8741,6.7641
5,1,2.0769,6.7641,0,1.7543,0.08,1.1998,6.6841,2.9541,6.6841,2.9541,6.8441,1.1998,6.8441
5,0,2.0769,6.7641,0,1.7543,0.08,1.1998,6.6841,2.9541,6.6841,2.9541,6.8441,1.1998,6.8441
5,2,1.5358,8.1411,0,0.63133,0.46765,1.2202,7.9073,1.2202,8.375,1.8515,8.375,1.8515,7.9073
5,3,1.9684,7.0538,0,0.56119,0.39751,1.6878,6.8551,1.6878,7.2526,2.249,7.2526,2.249,6.8551
5,4,1.6761,9.018,0,0.77163,0.63133,1.2903,8.7023,1.2903,9.3337,2.062,9.3337,2.062,8.7023
6,1,6.0066,8.5185,-1.5708,1.8596,0.08,5.9266,9.4482,5.9266,7.5887,6.0866,7.5887,6.0866,9.4482
6,0,6.0066,8.5185,-1.5708,1.8596,0.08,5.9266,9.4482,5.9266,7.5887,6.0866,7.5887,6.0866,9.4482
6,1,6.9101,9.4482,3.1416,1.8069,0.08,7.8136,9.5282,6.0066,9.5282,6.0066,9.3682,7.8136,9.3682
6,0,6.9101,9.4482,3.1416,1.8069,0.08,7.8136,9.5282,6.0066,9.5282,6.0066,9.3682,7.8136,9.3682
6,1,7.8136,8.0974,1.5708,1.0175,0.08,7.8936,7.5887,7.8936,8.6062,7.7336,8.6062,7.7336,7.5887
6,1,7.8136,9.3868,1.5708,0.1228,0.08,7.8936,9.3254,7.8936,9.4482,7.7336,9.4482,7.7336,9.3254
6,0,7.8136,8.5185,1.5708,1.8596,0.08,7.8936,7.5887,7.8936,9.4482,7.7336,9.4482,7.7336,7.5887
6,1,6.9101,7.5887,0,1.8069,0.08,6.0066,7.5087,7.8136,7.5087,7.8136,7.6687,6.0066,7.6687
6,0,6.9101,7.5887,0,1.8069,0.08,6.0066,7.5087,7.8136,7.5087,7.8136,7.6687,6.0066,7.6687
6,2,6.3644,8.9011,0,0.51442,0.44427,6.1072,8.6789,6.1072,9.1232,6.6216,9.1232,6.6216,8.6789
6,3,6.5281,7.919,0,0.56119,0.39751,6.2475,7.7202,6.2475,8.1177,6.8086,8.1177,6.8086,7.7202
6,4,7.2412,7.9658,0,0.8184,0.72487,6.832,7.6033,6.832,8.3282,7.6504,8.3282,7.6504,7.6033
7,1,9.5679,5.9835,-1.5757,7.1401,0.08,9.5054,9.5539,9.4703,2.4138,9.6303,2.413,9.6654,9.5531
7,0,9.5679,5.9835,-1.5757,7.1401,0.08,9.5054,9.5539,9.4703,2.4138,9.6303,2.413,9.6654,9.5531
7,1,9.1907,9.5535,0,0.78944,0.08,8.796,9.4735,9.5854,9.4735,9.5854,9.6335,8.796,9.6335
7,0,9.1907,9.5535,0,0.78944,0.08,8.796,9.4735,9.5854,9.4735,9.5854,9.6335,8.796,9.6335
7,1,8.796,10.676,-1.5708,0.28069,0.08,8.716,10.817,8.716,10.536,8.876,10.536,8.876,10.817
7,1,8.796,9.7114,-1.5708,0.31578,0.08,8.716,9.8693,8.716,9.5535,8.876,9.5535,8.876,9.8693
7,0,8.796,10.185,-1.5708,1.2631,0.08,8.716,10.817,8.716,9.5535,8.876,9.5535,8.876,10.817
7,1,12.384,10.808,3.1391,7.1752,0.08,15.971,10.879,8.7962,10.897,8.7958,10.737,15.971,10.719
7,0,12.384,10.808,3.1391,7.1752,0.08,15.971,10.879,8.7962,10.897,8.7958,10.737,15.971,10.719
7,1,15.989,8.5886,1.5787,4.421,0.08,16.086,6.3788,16.051,10.8,15.891,10.798,15.926,6.3776
7,0,15.989,8.5886,1.5787,4.421,0.08,16.086,6.3788,16.051,10.8,15.891,10.798,15.926,6.3776
7,1,17.269,6.3343,3.1069,2.5277,0.08,18.535,6.3704,16.009,6.4581,16.003,6.2982,18.53,6.2105
7,0,17.269,6.3343,3.1069,2.5277,0.08,18.535,6.3704,16.009,6.4581,16.003,6.2982,18.53,6.2105
7,1,18.524,4.3958,1.5662,3.7894,0.08,18.595,2.5008,18.612,6.2901,18.452,6.2908,18.435,2.5015
7,0,18.524,4.3958,1.5662,3.7894,0.08,18.595,2.5008,18.612,6.2901,18.452,6.2908,18.435,2.5015
7,1,14.033,2.4573,0.0097844,8.965,0.08,9.5511,2.3334,18.516,2.4212,18.514,2.5812,9.5495,2.4934
7,0,14.033,2.4573,0.0097844,8.965,0.08,9.5511,2.3334,18.516,2.4212,18.514,2.5812,9.5495,2.4934
8,1,13.041,12.869,-1.5622,4.1052,0.08,12.944,14.921,12.979,10.816,13.139,10.817,13.104,14.922
8,0,13.041,12.869,-1.5622,4.1052,0.08,12.944,14.921,12.979,10.816,13.139,10.817,13.104,14.922
8,1,15.533,14.895,3.1311,5.0176,0.08,18.042,14.949,13.025,15.002,13.023,14.842,18.04,14.789
8,0,15.533,14.895,3.1311,5.0176,0.08,18.042,14.949,13.025,15.002,13.023,14.842,18.04,14.789
8,1,18.015,14.141,1.5347,1.457,0.08,18.069,13.41,18.121,14.866,17.961,14.872,17.909,13.416
8,0,18.015,14.141,1.5347,1.457,0.08,18.069,13.41,18.121,14.866,17.961,14.872,17.909,13.416
8,1,16.997,13.378,0.035383,1.9836,0.08,16.009,13.263,17.991,13.333,17.986,13.493,16.003,13.423
8,0,16.997,13.378,0.035383,1.9836,0.08,16.009,13.263,17.991,13.333,17.986,13.493,16.003,13.423
8,1,16.006,12.08,1.5708,2.5262,0.08,16.086,10.817,16.086,13.343,15.926,13.343,15.926,10.817
8,0,16.006,12.08,1.5708,2.5262,0.08,16.086,10.817,16.086,13.343,15.926,13.343,15.926,10.817
8,1,14.533,10.817,0,2.9472,0.08,13.059,10.737,16.006,10.737,16.006,10.897,13.059,10.897
8,0,14.533,10.817,0,2.9472,0.08,13.059,10.737,16.006,10.737,16.006,10.897,13.059,10.897
8,3,15.577,12.97,0,0.56119,0.86516,15.297,12.537,15.297,13.402,15.858,13.402,15.858,12.537
8,5,13.555,12.023,0,0.5378,0.56119,13.286,11.742,13.286,12.303,13.823,12.303,13.823,11.742
9,1,1.9103,11.922,-1.5991,1.8603,0.08,1.8566,12.854,1.804,10.994,1.9639,10.99,2.0166,12.849
9,0,1.9103,11.922,-1.5991,1.8603,0.08,1.8566,12.854,1.804,10.994,1.9639,10.99,2.0166,12.849
9,1,3.0945,12.852,3.1416,2.3157,0.08,4.2523,12.932,1.9366,12.932,1.9366,12.772,4.2523,12.772
9,0,3.0945,12.852,3.1416,2.3157,0.08,4.2523,12.932,1.9366,12.932,1.9366,12.772,4.2523,12.772
9,1,4.2435,12.334,1.5538,1.0352,0.08,4.3147,11.815,4.3323,12.85,4.1723,12.853,4.1548,11.818
9,0,4.2435,12.334,1.5538,1.0352,0.08,4.3147,11.815,4.3323,12.85,4.1723,12.853,4.1548,11.818
9,1,3.8839,11.825,-0.024995,0.70195,0.08,3.531,11.754,4.2328,11.737,4.2368,11.897,3.535,11.914
9,0,3.8839,11.825,-0.024995,0.70195,0.08,3.531,11.754,4.2328,11.737,4.2368,11.897,3.535,11.914
9,1,3.5418,11.404,1.5912,0.85979,0.08,3.6306,10.976,3.613,11.836,3.453,11.832,3.4706,10.973
9,0,3.5418,11.404,1.5912,0.85979,0.08,3.6306,10.976,3.613,11.836,3.453,11.832,3.4706,10.973
9,1,2.1644,10.989,-0.010526,0.56098,0.08,1.8831,10.912,2.4441,10.906,2.4458,11.066,1.8848,11.072
9,1,3.2959,10.977,-0.010526,0.50928,0.08,3.0405,10.9,3.5497,10.895,3.5514,11.054,3.0422,11.06
9,0,2.7173,10.983,-0.010526,1.6667,0.08,1.8831,10.912,3.5497,10.895,3.5514,11.054,1.8848,11.072
