1,1,0.2973,7.3535,-1.5708,4.1717,0.08,0.2173,9.4393,0.2173,5.2676,0.3773,5.2676,0.3773,9.4393
1,0,0.2973,7.3535,-1.5708,4.1717,0.08,0.2173,9.4393,0.2173,5.2676,0.3773,5.2676,0.3773,9.4393
1,1,2.5202,9.4393,3.1416,4.4459,0.08,4.7432,9.5193,0.2973,9.5193,0.2973,9.3593,4.7432,9.3593
1,0,2.5202,9.4393,3.1416,4.4459,0.08,4.7432,9.5193,0.2973,9.5193,0.2973,9.3593,4.7432,9.3593
1,1,4.7432,7.3535,1.5708,4.1717,0.08,4.8232,5.2676,4.8232,9.4393,4.6632,9.4393,4.6632,5.2676
1,0,4.7432,7.3535,1.5708,4.1717,0.08,4.8232,5.2676,4.8232,9.4393,4.6632,9.4393,4.6632,5.2676
1,1,1.492,5.2676,0,2.3894,0.08,0.2973,5.1876,2.6867,5.1876,2.6867,5.3476,0.2973,5.3476
1,1,4.1654,5.2676,0,1.1555,0.08,3.5876,5.1876,4.7432,5.1876,4.7432,5.3476,3.5876,5.3476
1,0,2.5202,5.2676,0,4.4459,0.08,0.2973,5.1876,4.7432,5.1876,4.7432,5.3476,0.2973,5.3476
2,1,4.6844,7.3633,-1.5708,4.1912,0.08,4.6044,9.4589,4.6044,5.2676,4.7644,5.2676,4.7644,9.4589
2,0,4.6844,7.3633,-1.5708,4.1912,0.08,4.6044,9.4589,4.6044,5.2676,4.7644,5.2676,4.7644,9.4589
2,1,6.0162,9.4589,3.1416,2.6636,0.08,7.348,9.5389,4.6844,9.5389,4.6844,9.3789,7.348,9.3789
2,0,6.0162,9.4589,3.1416,2.6636,0.08,7.348,9.5389,4.6844,9.5389,4.6844,9.3789,7.348,9.3789
2,1,7.348,7.3633,1.5708,4.1912,0.08,7.428,5.2676,7.428,9.4589,7.268,9.4589,7.268,5.2676
2,0,7.348,7.3633,1.5708,4.1912,0.08,7.428,5.2676,7.428,9.4589,7.268,9.4589,7.268,5.2676
2,1,5.1838,5.2676,0,0.99885,0.08,4.6844,5.1876,5.6832,5.1876,5.6832,5.3476,4.6844,5.3476
2,1,6.9563,5.2676,0,0.78341,0.08,6.5646,5.1876,7.348,5.1876,7.348,5.3476,6.5646,5.3476
2,0,6.0162,5.2676,0,2.6636,0.08,4.6844,5.1876,7.348,5.1876,7.348,5.3476,4.6844,5.3476
2,3,6.8122,6.9566,0,0.86948,1.8046,6.3775,6.0543,6.3775,7.8589,7.247,7.8589,7.247,6.0543
2,5,6.8943,8.5397,0,0.96791,0.80386,6.4103,8.1378,6.4103,8.9417,7.3782,8.9417,7.3782,8.1378
3,1,0.37565,3.8771,-1.5708,2.7028,0.08,0.29565,5.2285,0.29565,2.5257,0.45565,2.5257,0.45565,5.2285
3,0,0.37565,3.8771,-1.5708,2.7028,0.08,0.29565,5.2285,0.29565,2.5257,0.45565,2.5257,0.45565,5.2285
3,1,1.4626,5.2285,3.1416,2.174,0.08,2.5496,5.3085,0.37565,5.3085,0.37565,5.1485,2.5496,5.1485
3,0,1.4626,5.2285,3.1416,2.174,0.08,2.5496,5.3085,0.37565,5.3085,0.37565,5.1485,2.5496,5.1485
3,1,2.5496,2.6726,1.5708,0.29378,0.08,2.6296,2.5257,2.6296,2.8195,2.4696,2.8195,2.4696,2.5257
3,1,2.5496,4.3961,1.5708,1.6647,0.08,2.6296,3.5637,2.6296,5.2285,2.4696,5.2285,2.4696,3.5637
3,0,2.5496,3.8771,1.5708,2.7028,0.08,2.6296,2.5257,2.6296,5.2285,2.4696,5.2285,2.4696,2.5257
3,1,1.4626,2.5257,0,2.174,0.08,0.37565,2.4457,2.5496,2.4457,2.5496,2.6057,0.37565,2.6057
3,0,1.4626,2.5257,0,2.174,0.08,0.37565,2.4457,2.5496,2.4457,2.5496,2.6057,0.37565,2.6057
3,2,0.93096,3.0358,0,0.88588,0.65621,0.48802,2.7077,0.48802,3.3639,1.3739,3.3639,1.3739,2.7077
3,3,1.9317,4.8322,0,0.75464,0.70543,1.5544,4.4794,1.5544,5.1849,2.309,5.1849,2.309,4.4794
3,4,0.81612,4.4548,0,0.78745,1.3616,0.42239,3.774,0.42239,5.1356,1.2098,5.1356,1.2098,3.774
4,1,3.6788,4.4155,-1.5787,1.7043,0.08,3.6056,5.2683,3.5921,3.564,3.7521,3.5627,3.7656,5.267
4,1,3.6563,1.5462,-1.5787,2.5065,0.08,3.5861,2.8001,3.5664,0.29363,3.7264,0.29237,3.7461,2.7988
4,0,3.666,2.7803,-1.5787,4.9748,0.08,3.6056,5.2683,3.5664,0.29363,3.7264,0.29237,3.7656,5.267
4,1,7.5928,5.2676,3.1416,1.9389,0.08,8.5623,5.3476,6.6233,5.3476,6.6233,5.1876,8.5623,5.1876
4,1,4.6746,5.2676,3.1416,1.9781,0.08,5.6637,5.3476,3.6856,5.3476,3.6856,5.1876,5.6637,5.1876
4,0,6.1239,5.2676,3.1416,4.8767,0.08,8.5623,5.3476,3.6856,5.3476,3.6856,5.1876,8.5623,5.1876
4,1,8.5819,4.1611,1.5885,2.2135,0.08,8.6814,3.0559,8.6423,5.2691,8.4823,5.2662,8.5215,3.0531
4,0,8.5819,4.1611,1.5885,2.2135,0.08,8.6814,3.0559,8.6423,5.2691,8.4823,5.2662,8.5215,3.0531
4,1,7.9551,3.0643,-0.01515,1.2928,0.08,7.3076,2.9941,8.6002,2.9745,8.6027,3.1345,7.31,3.1541
4,0,7.9551,3.0643,-0.01515,1.2928,0.08,7.3076,2.9941,8.6002,2.9745,8.6027,3.1345,7.31,3.1541
4,1,7.3382,1.7129,1.5924,2.723,0.08,7.4476,0.35348,7.3888,3.0758,7.2288,3.0724,7.2876,0.35002
4,0,7.3382,1.7129,1.5924,2.723,0.08,7.4476,0.35348,7.3888,3.0758,7.2288,3.0724,7.2876,0.35002
4,1,5.507,0.32237,0.015788,3.7217,0.08,3.6476,0.21301,7.3688,0.27176,7.3663,0.43174,3.6451,0.37299
4,0,5.507,0.32237,0.015788,3.7217,0.08,3.6476,0.21301,7.3688,0.27176,7.3663,0.43174,3.6451,0.37299
5,1,1.052,2.0843,-1.5435,0.76568,0.08,0.96157,2.4648,0.98245,1.6994,1.1424,1.7037,1.1215,2.4691
5,1,1.0928,0.58684,-1.5435,0.54872,0.08,1.0054,0.85891,1.0203,0.3104,1.1803,0.31476,1.1653,0.86327
5,0,1.0709,1.3898,-1.5435,2.1552,0.08,0.96157,2.4648,1.0203,0.3104,1.1803,0.31476,1.1215,2.4691
5,1,1.7662,2.4963,-3.1011,1.4505,0.08,2.4876,2.6056,1.0383,2.5469,1.0448,2.387,2.4941,2.4458
5,0,1.7662,2.4963,-3.1011,1.4505,0.08,2.4876,2.6056,1.0383,2.5469,1.0448,2.387,2.4941,2.4458
5,1,2.5456,4.4161,-1.5998,1.6255,0.08,2.4892,5.2308,2.4421,3.606,2.6021,3.6014,2.6492,5.2262
5,1,2.496,2.7027,-1.5998,0.35409,0.08,2.4211,2.882,2.4109,2.528,2.5708,2.5234,2.5811,2.8773
5,0,2.53,3.8771,-1.5998,2.7039,0.08,2.4892,5.2308,2.4109,2.528,2.5708,2.5234,2.6492,5.2262
5,1,3.5876,5.247,-3.1234,0.11749,0.08,3.6449,5.3281,3.5275,5.3259,3.5304,5.1659,3.6478,5.1681
5,1,2.618,5.2294,-3.1234,0.097554,0.08,2.6653,5.3102,2.5677,5.3085,2.5706,5.1485,2.6682,5.1503
5,0,3.1078,5.2383,-3.1234,1.0774,0.08,3.6449,5.3281,2.5677,5.3085,2.5706,5.1485,3.6478,5.1681
5,1,3.69,1.5662,1.5827,2.5466,0.08,3.7851,0.29394,3.7549,2.8404,3.5949,2.8385,3.6251,0.29205
5,1,3.6559,4.4451,1.5827,1.6061,0.08,3.7454,3.643,3.7264,5.249,3.5664,5.2471,3.5854,3.6411
5,0,3.6758,2.7705,1.5827,4.9554,0.08,3.7851,0.29394,3.7264,5.249,3.5664,5.2471,3.6251,0.29205
5,1,2.4027,0.30279,-0.0075187,2.6049,0.08,1.0997,0.23258,3.7045,0.213,3.7057,0.37299,1.1009,0.39258
5,0,2.4027,0.30279,-0.0075187,2.6049,0.08,1.0997,0.23258,3.7045,0.213,3.7057,0.37299,1.1009,0.39258
