1,1,1.532,5.9964,-1.5708,5.3099,0.08,1.452,8.6514,1.452,3.3415,1.612,3.3415,1.612,8.6514
1,0,1.532,5.9964,-1.5708,5.3099,0.08,1.452,8.6514,1.452,3.3415,1.612,3.3415,1.612,8.6514
1,1,4.2182,8.6514,3.1416,0.8121,0.08,4.6242,8.7314,3.8121,8.7314,3.8121,8.5714,4.6242,8.5714
1,1,2.3909,8.6514,3.1416,1.7179,0.08,3.2499,8.7314,1.532,8.7314,1.532,8.5714,3.2499,8.5714
1,0,3.0781,8.6514,3.1416,3.0922,0.08,4.6242,8.7314,1.532,8.7314,1.532,8.5714,4.6242,8.5714
1,1,4.6242,5.4342,1.5708,4.1854,0.08,4.7042,3.3415,4.7042,7.5269,4.5442,7.5269,4.5442,3.3415
1,1,4.6242,8.3859,1.5708,0.53099,0.08,4.7042,8.1204,4.7042,8.6514,4.5442,8.6514,4.5442,8.1204
1,0,4.6242,5.9964,1.5708,5.3099,0.08,4.7042,3.3415,4.7042,8.6514,4.5442,8.6514,4.5442,3.3415
1,1,3.0781,3.3415,0,3.0922,0.08,1.532,3.2615,4.6242,3.2615,4.6242,3.4215,1.532,3.4215
1,0,3.0781,3.3415,0,3.0922,0.08,1.532,3.2615,4.6242,3.2615,4.6242,3.4215,1.532,3.4215
2,1,1.4695,9.0887,-1.5708,1.062,0.08,1.3895,9.6196,1.3895,8.5577,1.5495,8.5577,1.5495,9.6196
2,0,1.4695,9.0887,-1.5708,1.062,0.08,1.3895,9.6196,1.3895,8.5577,1.5495,8.5577,1.5495,9.6196
2,1,2.9844,9.6196,3.1416,3.0298,0.08,4.4993,9.6996,1.4695,9.6996,1.4695,9.5396,4.4993,9.5396
2,0,2.9844,9.6196,3.1416,3.0298,0.08,4.4993,9.6996,1.4695,9.6996,1.4695,9.5396,4.4993,9.5396
2,1,4.4993,9.0887,1.5708,1.062,0.08,4.5793,8.5577,4.5793,9.6196,4.4193,9.6196,4.4193,8.5577
2,0,4.4993,9.0887,1.5708,1.062,0.08,4.5793,8.5577,4.5793,9.6196,4.4193,9.6196,4.4193,8.5577
2,1,2.3753,8.5577,0,1.8116,0.08,1.4695,8.4777,3.2811,8.4777,3.2811,8.6377,1.4695,8.6377
2,1,4.2025,8.5577,0,0.59346,0.08,3.9058,8.4777,4.4993,8.4777,4.4993,8.6377,3.9058,8.6377
2,0,2.9844,8.5577,0,3.0298,0.08,1.4695,8.4777,4.4993,8.4777,4.4993,8.6377,1.4695,8.6377
2,3,2.8355,9.327,0,0.43757,0.38287,2.6167,9.1356,2.6167,9.5185,3.0543,9.5185,3.0543,9.1356
2,4,1.9194,9.1219,0,0.57431,0.90248,1.6322,8.6707,1.6322,9.5732,2.2065,9.5732,2.2065,8.6707
3,1,1.407,10.838,-1.5708,2.6237,0.08,1.327,12.15,1.327,9.5259,1.487,9.5259,1.487,12.15
3,0,1.407,10.838,-1.5708,2.6237,0.08,1.327,12.15,1.327,9.5259,1.487,9.5259,1.487,12.15
3,1,2.9688,12.15,3.1416,3.1235,0.08,4.5305,12.23,1.407,12.23,1.407,12.07,4.5305,12.07
3,0,2.9688,12.15,3.1416,3.1235,0.08,4.5305,12.23,1.407,12.23,1.407,12.07,4.5305,12.07
3,1,4.5305,10.104,1.5708,1.1557,0.08,4.6105,9.5259,4.6105,10.682,4.4505,10.682,4.4505,9.5259
3,1,4.5305,11.759,1.5708,0.78086,0.08,4.6105,11.369,4.6105,12.15,4.4505,12.15,4.4505,11.369
3,0,4.5305,10.838,1.5708,2.6237,0.08,4.6105,9.5259,4.6105,12.15,4.4505,12.15,4.4505,9.5259
3,1,2.9688,9.5259,0,3.1235,0.08,1.407,9.4459,4.5305,9.4459,4.5305,9.6059,1.407,9.6059
3,0,2.9688,9.5259,0,3.1235,0.08,1.407,9.4459,4.5305,9.4459,4.5305,9.6059,1.407,9.6059
3,3,1.892,11.405,0,0.51961,0.49226,1.6322,11.159,1.6322,11.652,2.1518,11.652,2.1518,11.159
3,5,2.7261,10.079,0,0.54696,0.629,2.4526,9.7646,2.4526,10.394,2.9996,10.394,2.9996,9.7646
4,1,4.593,5.2937,-1.5708,3.9043,0.08,4.513,7.2458,4.513,3.3415,4.673,3.3415,4.673,7.2458
4,0,4.593,5.2937,-1.5708,3.9043,0.08,4.513,7.2458,4.513,3.3415,4.673,3.3415,4.673,7.2458
4,1,6.3109,7.2458,3.1416,1.7491,0.08,7.1854,7.3258,5.4363,7.3258,5.4363,7.1658,7.1854,7.1658
4,1,4.6554,7.2458,3.1416,0.12494,0.08,4.7179,7.3258,4.593,7.3258,4.593,7.1658,4.7179,7.1658
4,0,5.8892,7.2458,3.1416,2.5925,0.08,7.1854,7.3258,4.593,7.3258,4.593,7.1658,7.1854,7.1658
4,1,7.1854,5.2937,1.5708,3.9043,0.08,7.2654,3.3415,7.2654,7.2458,7.1054,7.2458,7.1054,3.3415
4,0,7.1854,5.2937,1.5708,3.9043,0.08,7.2654,3.3415,7.2654,7.2458,7.1054,7.2458,7.1054,3.3415
4,1,5.8892,3.3415,0,2.5925,0.08,4.593,3.2615,7.1854,3.2615,7.1854,3.4215,4.593,3.4215
4,0,5.8892,3.3415,0,2.5925,0.08,4.593,3.2615,7.1854,3.2615,7.1854,3.4215,4.593,3.4215
5,1,8.8877,3.3103,0,3.5295,0.08,7.123,3.2303,10.652,3.2303,10.652,3.3903,7.123,3.3903
5,0,8.8877,3.3103,0,3.5295,0.08,7.123,3.2303,10.652,3.2303,10.652,3.3903,7.123,3.3903
5,1,11.246,3.9193,0.79838,1.7008,0.08,10.71,3.2544,11.897,4.4726,11.782,4.5842,10.595,3.3661
5,0,11.246,3.9193,0.79838,1.7008,0.08,10.71,3.2544,11.897,4.4726,11.782,4.5842,10.595,3.3661
5,1,11.433,6.4181,1.7825,3.8656,0.08,11.918,4.5452,11.106,8.3246,10.949,8.291,11.761,4.5116
5,0,11.433,6.4181,1.7825,3.8656,0.08,11.918,4.5452,11.106,8.3246,10.949,8.291,11.761,4.5116
5,1,9.1064,8.2766,-3.1253,3.8424,0.08,11.026,8.3878,7.1841,8.3253,7.1867,8.1653,11.029,8.2278
5,0,9.1064,8.2766,-3.1253,3.8424,0.08,11.026,8.3878,7.1841,8.3253,7.1867,8.1653,11.029,8.2278
5,1,7.184,8.1358,-1.5835,0.21902,0.08,7.1054,8.2463,7.1027,8.0273,7.2627,8.0253,7.2654,8.2443
5,1,7.1496,5.4183,-1.5835,4.2163,0.08,7.0963,7.5273,7.043,3.3113,7.203,3.3093,7.2563,7.5252
5,0,7.1542,5.7778,-1.5835,4.9355,0.08,7.1054,8.2463,7.043,3.3113,7.203,3.3093,7.2654,8.2443
6,1,7.1747,10.635,-1.5795,2.4677,0.08,7.1054,11.869,7.084,9.4016,7.244,9.4002,7.2654,11.868
6,1,7.1561,8.4953,-1.5795,0.43754,0.08,7.078,8.7148,7.0742,8.2773,7.2342,8.2759,7.238,8.7134
6,0,7.1698,10.073,-1.5795,3.5921,0.08,7.1054,11.869,7.0742,8.2773,7.2342,8.2759,7.2654,11.868
6,1,8.7315,11.837,3.1214,3.0929,0.08,10.279,11.886,7.1871,11.949,7.1838,11.789,10.276,11.726
6,0,8.7315,11.837,3.1214,3.0929,0.08,10.279,11.886,7.1871,11.949,7.1838,11.789,10.276,11.726
6,1,10.668,10.057,1.7904,3.5844,0.08,11.137,8.3252,10.356,11.823,10.2,11.789,10.98,8.2904
6,0,10.668,10.057,1.7904,3.5844,0.08,11.137,8.3252,10.356,11.823,10.2,11.789,10.98,8.2904
6,1,9.1064,8.2922,0.0079998,3.9044,0.08,7.1548,8.1966,11.059,8.2278,11.058,8.3878,7.1536,8.3566
6,0,9.1064,8.2922,0.0079998,3.9044,0.08,7.1548,8.1966,11.059,8.2278,11.058,8.3878,7.1536,8.3566
7,1,4.468,12.259,-1.5708,0.96827,0.08,4.388,12.743,4.388,11.775,4.548,11.775,4.548,12.743
7,0,4.468,12.259,-1.5708,0.96827,0.08,4.388,12.743,4.388,11.775,4.548,11.775,4.548,12.743
7,1,3.6247,12.743,0,1.6867,0.08,2.7814,12.663,4.468,12.663,4.468,12.823,2.7814,12.823
7,0,3.6247,12.743,0,1.6867,0.08,2.7814,12.663,4.468,12.663,4.468,12.823,2.7814,12.823
7,1,2.7814,13.868,-1.5708,2.2489,0.08,2.7014,14.992,2.7014,12.743,2.8614,12.743,2.8614,14.992
7,0,2.7814,13.868,-1.5708,2.2489,0.08,2.7014,14.992,2.7014,12.743,2.8614,12.743,2.8614,14.992
7,1,3.8902,15.008,-3.1275,2.2179,0.08,4.9979,15.103,2.7802,15.072,2.7825,14.912,5.0001,14.943
7,0,3.8902,15.008,-3.1275,2.2179,0.08,4.9979,15.103,2.7802,15.072,2.7825,14.912,5.0001,14.943
7,1,5.3738,13.805,1.8693,2.549,0.08,5.8251,12.61,5.0755,15.047,4.9226,15,5.6722,12.563
7,0,5.3738,13.805,1.8693,2.549,0.08,5.8251,12.61,5.0755,15.047,4.9226,15,5.6722,12.563
7,1,5.7174,12.181,1.494,0.8145,0.08,5.7659,11.769,5.8284,12.581,5.6689,12.593,5.6064,11.781
7,0,5.7174,12.181,1.494,0.8145,0.08,5.7659,11.769,5.8284,12.581,5.6689,12.593,5.6064,11.781
7,1,4.6711,11.775,0,0.40605,0.08,4.468,11.695,4.8741,11.695,4.8741,11.855,4.468,11.855
7,1,5.5456,11.775,0,0.28111,0.08,5.4051,11.695,5.6862,11.695,5.6862,11.855,5.4051,11.855
7,0,5.0771,11.775,0,1.2181,0.08,4.468,11.695,5.6862,11.695,5.6862,11.855,4.468,11.855
7,2,3.3004,13.115,0,0.65635,0.46492,2.9723,12.882,2.9723,13.347,3.6286,13.347,3.6286,12.882
7,3,2.9859,13.771,0,0.41022,0.35552,2.7808,13.593,2.7808,13.949,3.191,13.949,3.191,13.593
8,1,4.6242,11.541,-1.5708,0.53099,0.08,4.5442,11.806,4.5442,11.275,4.7042,11.275,4.7042,11.806
8,1,4.6242,9.3698,-1.5708,2.4363,0.08,4.5442,10.588,4.5442,8.1516,4.7042,8.1516,4.7042,10.588
8,1,4.6242,7.4176,-1.5708,0.28111,0.08,4.5442,7.5582,4.5442,7.2771,4.7042,7.2771,4.7042,7.5582
8,0,4.6242,9.5416,-1.5708,4.529,0.08,4.5442,11.806,4.5442,7.2771,4.7042,7.2771,4.7042,11.806
8,1,6.998,11.806,3.1416,0.37481,0.08,7.1854,11.886,6.8106,11.886,6.8106,11.726,7.1854,11.726
8,1,5.8111,11.806,3.1416,0.8121,0.08,6.2172,11.886,5.4051,11.886,5.4051,11.726,6.2172,11.726
8,1,4.7335,11.806,3.1416,0.21864,0.08,4.8428,11.886,4.6242,11.886,4.6242,11.726,4.8428,11.726
8,0,5.9048,11.806,3.1416,2.5612,0.08,7.1854,11.886,4.6242,11.886,4.6242,11.726,7.1854,11.726
8,1,7.1854,7.3864,1.5708,0.21864,0.08,7.2654,7.2771,7.2654,7.4957,7.1054,7.4957,7.1054,7.2771
8,1,7.1854,8.4015,1.5708,0.68716,0.08,7.2654,8.0579,7.2654,8.7451,7.1054,8.7451,7.1054,8.0579
8,1,7.1854,10.604,1.5708,2.4051,0.08,7.2654,9.401,7.2654,11.806,7.1054,11.806,7.1054,9.401
8,0,7.1854,9.5416,1.5708,4.529,0.08,7.2654,7.2771,7.2654,11.806,7.1054,11.806,7.1054,7.2771
8,1,4.7179,7.2771,0,0.18741,0.08,4.6242,7.1971,4.8116,7.1971,4.8116,7.3571,4.6242,7.3571
8,1,6.389,7.2771,0,1.593,0.08,5.5925,7.1971,7.1854,7.1971,7.1854,7.3571,5.5925,7.3571
8,0,5.9048,7.2771,0,2.5612,0.08,4.6242,7.1971,7.1854,7.1971,7.1854,7.3571,4.6242,7.3571
