1,1,2.186,2.7866,-1.5708,1.279,0.08,2.106,3.4261,2.106,2.1472,2.266,2.1472,2.266,3.4261
1,0,2.186,2.7866,-1.5708,1.279,0.08,2.106,3.4261,2.106,2.1472,2.266,2.1472,2.266,3.4261
1,1,5.1094,3.4261,3.1416,0.29898,0.08,5.2589,3.5061,4.9599,3.5061,4.9599,3.3461,5.2589,3.3461
1,1,3.3404,3.4261,3.1416,2.3088,0.08,4.4948,3.5061,2.186,3.5061,2.186,3.3461,4.4948,3.3461
1,0,3.7225,3.4261,3.1416,3.0729,0.08,5.2589,3.5061,2.186,3.5061,2.186,3.3461,5.2589,3.3461
1,1,5.2589,2.7866,1.5708,1.279,0.08,5.3389,2.1472,5.3389,3.4261,5.1789,3.4261,5.1789,2.1472
1,0,5.2589,2.7866,1.5708,1.279,0.08,5.3389,2.1472,5.3389,3.4261,5.1789,3.4261,5.1789,2.1472
1,1,3.7225,2.1472,0,3.0729,0.08,2.186,2.0672,5.2589,2.0672,5.2589,2.2272,2.186,2.2272
1,0,3.7225,2.1472,0,3.0729,0.08,2.186,2.0672,5.2589,2.0672,5.2589,2.2272,2.186,2.2272
2,1,5.2589,2.7949,-1.5708,1.2624,0.08,5.1789,3.4261,5.1789,2.1638,5.3389,2.1638,5.3389,3.4261
2,0,5.2589,2.7949,-1.5708,1.2624,0.08,5.1789,3.4261,5.1789,2.1638,5.3389,2.1638,5.3389,3.4261
2,1,3.9134,3.4146,0.0085468,1.1959,0.08,3.3162,3.3295,4.512,3.3397,4.5107,3.4997,3.3148,3.4895
2,1,5.1011,3.4248,0.0085468,0.31572,0.08,4.9439,3.3434,5.2596,3.3461,5.2582,3.5061,4.9425,3.5034
2,0,4.2872,3.4178,0.0085468,1.9435,0.08,3.3162,3.3295,5.2596,3.3461,5.2582,3.5061,3.3148,3.4895
2,1,3.3155,7.1966,-1.5708,0.79729,0.08,3.2355,7.5953,3.2355,6.798,3.3955,6.798,3.3955,7.5953
2,1,3.3155,4.7633,-1.5708,2.7075,0.08,3.2355,6.117,3.2355,3.4095,3.3955,3.4095,3.3955,6.117
2,0,3.3155,5.5024,-1.5708,4.1858,0.08,3.2355,7.5953,3.2355,3.4095,3.3955,3.4095,3.3955,7.5953
2,1,6.6708,7.5483,3.1276,0.39861,0.08,6.8712,7.6255,6.4727,7.631,6.4704,7.4711,6.869,7.4655
2,1,4.5445,7.5781,3.1276,2.4583,0.08,5.7747,7.6408,3.3166,7.6753,3.3144,7.5153,5.7725,7.4808
2,0,5.0928,7.5704,3.1276,3.5549,0.08,6.8712,7.6255,3.3166,7.6753,3.3144,7.5153,6.869,7.4655
2,1,6.8452,4.8629,1.5615,5.3653,0.08,6.9003,2.1796,6.9501,7.5447,6.7901,7.5462,6.7403,2.1811
2,0,6.8452,4.8629,1.5615,5.3653,0.08,6.9003,2.1796,6.9501,7.5447,6.7901,7.5462,6.7403,2.1811
2,1,6.0396,2.1721,0.010638,1.5614,0.08,5.2598,2.0838,6.8211,2.1004,6.8194,2.2604,5.2581,2.2438
2,0,6.0396,2.1721,0.010638,1.5614,0.08,5.2598,2.0838,6.8211,2.1004,6.8194,2.2604,5.2581,2.2438
2,3,6.3445,2.616,0,0.39267,0.39267,6.1482,2.4197,6.1482,2.8123,6.5409,2.8123,6.5409,2.4197
2,5,6.4463,3.445,0,0.36358,0.5381,6.2645,3.1759,6.2645,3.714,6.6281,3.714,6.6281,3.1759
3,1,0.29247,5.7516,-1.5526,3.6548,0.08,0.17926,7.5772,0.2457,3.923,0.40567,3.9259,0.33923,7.5801
3,0,0.29247,5.7516,-1.5526,3.6548,0.08,0.17926,7.5772,0.2457,3.923,0.40567,3.9259,0.33923,7.5801
3,1,1.8289,7.5787,3.1416,3.1393,0.08,3.3986,7.6587,0.25925,7.6587,0.25925,7.4987,3.3986,7.4987
3,0,1.8289,7.5787,3.1416,3.1393,0.08,3.3986,7.6587,0.25925,7.6587,0.25925,7.4987,3.3986,7.4987
3,1,3.343,4.7876,1.5509,2.7567,0.08,3.3955,3.4079,3.4504,6.1641,3.2904,6.1673,3.2355,3.4111
3,1,3.3903,7.1626,1.5509,0.83233,0.08,3.462,6.7449,3.4786,7.5771,3.3186,7.5803,3.302,6.7481
3,0,3.357,5.4941,1.5509,4.17,0.08,3.3955,3.4079,3.4786,7.5771,3.3186,7.5803,3.2355,3.4111
3,1,2.7508,3.4178,-0.014705,1.1296,0.08,2.1849,3.3461,3.3143,3.3295,3.3167,3.4895,2.1872,3.5061
3,0,2.7508,3.4178,-0.014705,1.1296,0.08,2.1849,3.3461,3.3143,3.3295,3.3167,3.4895,2.1872,3.5061
3,1,1.3617,3.9507,-0.56673,0.21147,0.08,1.2295,3.94,1.4079,3.8265,1.4938,3.9614,1.3154,4.075
3,1,2.0286,3.5263,-0.56673,0.37327,0.08,1.8282,3.559,2.1431,3.3586,2.229,3.4936,1.9141,3.694
3,0,1.7292,3.7168,-0.56673,1.0829,0.08,1.2295,3.94,2.1431,3.3586,2.229,3.4936,1.3154,4.075
3,1,0.79908,3.966,0.087495,0.95042,0.08,0.33268,3.8447,1.2795,3.9278,1.2655,4.0872,0.3187,4.0041
3,0,0.79908,3.966,0.087495,0.95042,0.08,0.33268,3.8447,1.2795,3.9278,1.2655,4.0872,0.3187,4.0041
4,1,0.33399,3.1438,-1.5604,1.5947,0.08,0.24569,3.9402,0.2623,2.3456,0.42229,2.3473,0.40568,3.9419
4,0,0.33399,3.1438,-1.5604,1.5947,0.08,0.24569,3.9402,0.2623,2.3456,0.42229,2.3473,0.40568,3.9419
4,1,0.81569,3.966,-3.0908,0.98127,0.08,1.3016,4.0708,0.32162,4.0209,0.32975,3.8612,1.3098,3.911
4,0,0.81569,3.966,-3.0908,0.98127,0.08,1.3016,4.0708,0.32162,4.0209,0.32975,3.8612,1.3098,3.911
4,1,2.0761,3.4772,2.5536,0.30405,0.08,2.247,3.4595,1.994,3.6281,1.9053,3.495,2.1583,3.3264
4,1,1.3881,3.9359,2.5536,0.19809,0.08,1.5149,3.9476,1.3501,4.0574,1.2613,3.9243,1.4261,3.8144
4,0,1.7542,3.6919,2.5536,1.078,0.08,2.247,3.4595,1.3501,4.0574,1.2613,3.9243,2.1583,3.3264
4,1,2.1777,2.8033,1.5286,1.1804,0.08,2.2327,2.2102,2.2826,3.3895,2.1227,3.3963,2.0729,2.217
4,0,2.1777,2.8033,1.5286,1.1804,0.08,2.2327,2.2102,2.2826,3.3895,2.1227,3.3963,2.0729,2.217
4,1,1.2476,2.28,-0.073263,1.8154,0.08,0.33644,2.2667,2.147,2.1338,2.1587,2.2934,0.34815,2.4263
4,0,1.2476,2.28,-0.073263,1.8154,0.08,0.33644,2.2667,2.147,2.1338,2.1587,2.2934,0.34815,2.4263
4,2,0.99984,3.5322,0,0.66899,0.45084,0.66534,3.3068,0.66534,3.7577,1.3343,3.7577,1.3343,3.3068
4,3,0.56354,3.1541,0,0.37813,0.59628,0.37447,2.856,0.37447,3.4522,0.7526,3.4522,0.7526,2.856
4,4,1.6034,2.7542,0,0.7708,0.84351,1.218,2.3324,1.218,3.1759,1.9888,3.1759,1.9888,2.3324
