1,1,0.82018,4.5427,-1.5708,4.9397,0.08,0.74018,7.0126,0.74018,2.0728,0.90018,2.0728,0.90018,7.0126
1,0,0.82018,4.5427,-1.5708,4.9397,0.08,0.74018,7.0126,0.74018,2.0728,0.90018,2.0728,0.90018,7.0126
1,1,4.3968,7.0126,3.1416,0.20971,0.08,4.5017,7.0926,4.292,7.0926,4.292,6.9326,4.5017,6.9326
1,1,2.2765,7.0126,3.1416,2.9126,0.08,3.7328,7.0926,0.82018,7.0926,0.82018,6.9326,3.7328,6.9326
1,0,2.6609,7.0126,3.1416,3.6815,0.08,4.5017,7.0926,0.82018,7.0926,0.82018,6.9326,4.5017,6.9326
1,1,4.5017,4.5427,1.5708,4.9397,0.08,4.5817,2.0728,4.5817,7.0126,4.4217,7.0126,4.4217,2.0728
1,0,4.5017,4.5427,1.5708,4.9397,0.08,4.5817,2.0728,4.5817,7.0126,4.4217,7.0126,4.4217,2.0728
1,1,2.6609,2.0728,0,3.6815,0.08,0.82018,1.9928,4.5017,1.9928,4.5017,2.1528,0.82018,2.1528
1,0,2.6609,2.0728,0,3.6815,0.08,0.82018,1.9928,4.5017,1.9928,4.5017,2.1528,0.82018,2.1528
2,1,0.84349,8.8184,-1.5708,3.6582,0.08,0.76349,10.647,0.76349,6.9893,0.92349,6.9893,0.92349,10.647
2,0,0.84349,8.8184,-1.5708,3.6582,0.08,0.76349,10.647,0.76349,6.9893,0.92349,6.9893,0.92349,10.647
2,1,2.2881,10.647,3.1416,2.8893,0.08,3.7328,10.727,0.84349,10.727,0.84349,10.567,3.7328,10.567
2,0,2.2881,10.647,3.1416,2.8893,0.08,3.7328,10.727,0.84349,10.727,0.84349,10.567,3.7328,10.567
2,1,3.7328,7.1058,1.5708,0.23301,0.08,3.8128,6.9893,3.8128,7.2223,3.6528,7.2223,3.6528,6.9893
2,1,3.7328,9.2378,1.5708,2.8194,0.08,3.8128,7.8281,3.8128,10.647,3.6528,10.647,3.6528,7.8281
2,0,3.7328,8.8184,1.5708,3.6582,0.08,3.8128,6.9893,3.8128,10.647,3.6528,10.647,3.6528,6.9893
2,1,2.2881,6.9893,0,2.8893,0.08,0.84349,6.9093,3.7328,6.9093,3.7328,7.0693,0.84349,7.0693
2,0,2.2881,6.9893,0,2.8893,0.08,0.84349,6.9093,3.7328,6.9093,3.7328,7.0693,0.84349,7.0693
3,1,4.7813,9.4242,-1.5708,2.4466,0.08,4.7013,10.647,4.7013,8.2009,4.8613,8.2009,4.8613,10.647
3,0,4.7813,9.4242,-1.5708,2.4466,0.08,4.7013,10.647,4.7013,8.2009,4.8613,8.2009,4.8613,10.647
3,1,5.5968,10.647,3.1416,1.631,0.08,6.4124,10.727,4.7813,10.727,4.7813,10.567,6.4124,10.567
3,0,5.5968,10.647,3.1416,1.631,0.08,6.4124,10.727,4.7813,10.727,4.7813,10.567,6.4124,10.567
3,1,6.4124,9.4242,1.5708,2.4466,0.08,6.4924,8.2009,6.4924,10.647,6.3324,10.647,6.3324,8.2009
3,0,6.4124,9.4242,1.5708,2.4466,0.08,6.4924,8.2009,6.4924,10.647,6.3324,10.647,6.3324,8.2009
3,1,4.8396,8.2009,0,0.1165,0.08,4.7813,8.1209,4.8978,8.1209,4.8978,8.2809,4.7813,8.2809
3,1,5.923,8.2009,0,0.97863,0.08,5.4337,8.1209,6.4124,8.1209,6.4124,8.2809,5.4337,8.2809
3,0,5.5968,8.2009,0,1.631,0.08,4.7813,8.1209,6.4124,8.1209,6.4124,8.2809,4.7813,8.2809
3,2,6.0143,8.9204,0,0.74166,0.42938,5.6435,8.7057,5.6435,9.1351,6.3851,9.1351,6.3851,8.7057
3,3,6.1119,9.4962,0,0.35131,0.52697,5.9362,9.2327,5.9362,9.7597,6.2875,9.7597,6.2875,9.2327
3,4,5.8679,10.277,0,0.87828,0.48794,5.4288,10.033,5.4288,10.521,6.3071,10.521,6.3071,10.033
4,1,5.5269,6.3252,-1.5708,0.86213,0.08,5.4469,6.7563,5.4469,5.8941,5.6069,5.8941,5.6069,6.7563
4,1,5.5269,4.9272,-1.5708,0.81552,0.08,5.4469,5.3349,5.4469,4.5194,5.6069,4.5194,5.6069,5.3349
4,0,5.5269,5.6378,-1.5708,2.2369,0.08,5.4469,6.7563,5.4469,4.5194,5.6069,4.5194,5.6069,6.7563
4,1,6.9017,6.7563,3.1416,2.7495,0.08,8.2764,6.8363,5.5269,6.8363,5.5269,6.6763,8.2764,6.6763
4,0,6.9017,6.7563,3.1416,2.7495,0.08,8.2764,6.8363,5.5269,6.8363,5.5269,6.6763,8.2764,6.6763
4,1,8.2764,5.6378,1.5708,2.2369,0.08,8.3564,4.5194,8.3564,6.7563,8.1964,6.7563,8.1964,4.5194
4,0,8.2764,5.6378,1.5708,2.2369,0.08,8.3564,4.5194,8.3564,6.7563,8.1964,6.7563,8.1964,4.5194
4,1,6.9017,4.5194,0,2.7495,0.08,5.5269,4.4394,8.2764,4.4394,8.2764,4.5994,5.5269,4.5994
4,0,6.9017,4.5194,0,2.7495,0.08,5.5269,4.4394,8.2764,4.4394,8.2764,4.5994,5.5269,4.5994
4,3,7.0292,6.4124,0,0.8978,0.48794,6.5803,6.1685,6.5803,6.6564,7.4781,6.6564,7.4781,6.1685
4,5,6.9414,4.8218,0,0.4489,0.39035,6.7169,4.6266,6.7169,5.0169,7.1658,5.0169,7.1658,4.6266
5,1,4.5017,3.5524,-1.5861,3.0527,0.08,4.445,5.0798,4.3984,2.0274,4.5584,2.025,4.605,5.0774
5,0,4.5017,3.5524,-1.5861,3.0527,0.08,4.445,5.0798,4.3984,2.0274,4.5584,2.025,4.605,5.0774
5,1,5.3636,5.0981,-3.1183,0.32666,0.08,5.5251,5.1819,5.1985,5.1743,5.2022,5.0143,5.5288,5.0219
5,1,4.6181,5.0808,-3.1183,0.18636,0.08,4.7094,5.1629,4.5231,5.1586,4.5269,4.9986,4.7132,5.003
5,0,5.026,5.0903,-3.1183,1.0022,0.08,5.5251,5.1819,4.5231,5.1586,4.5269,4.9986,5.5288,5.0219
5,1,5.5269,4.7757,1.5708,0.65242,0.08,5.6069,4.4495,5.6069,5.1019,5.4469,5.1019,5.4469,4.4495
5,0,5.5269,4.7757,1.5708,0.65242,0.08,5.6069,4.4495,5.6069,5.1019,5.4469,5.1019,5.4469,4.4495
5,1,6.9017,4.4961,-3.1077,2.7511,0.08,8.2737,4.6227,5.5242,4.5295,5.5296,4.3695,8.2791,4.4627
5,0,6.9017,4.4961,-3.1077,2.7511,0.08,8.2737,4.6227,5.5242,4.5295,5.5296,4.3695,8.2791,4.4627
5,1,8.2997,3.2845,1.5893,2.5169,0.08,8.403,2.0277,8.3564,4.5442,8.1964,4.5412,8.243,2.0247
5,0,8.2997,3.2845,1.5893,2.5169,0.08,8.403,2.0277,8.3564,4.5442,8.1964,4.5412,8.243,2.0247
5,1,6.4007,2.0262,0,3.8446,0.08,4.4784,1.9462,8.323,1.9462,8.323,2.1062,4.4784,2.1062
5,0,6.4007,2.0262,0,3.8446,0.08,4.4784,1.9462,8.323,1.9462,8.323,2.1062,4.4784,2.1062
6,1,3.6678,9.2141,-1.5836,2.8669,0.08,3.6062,10.649,3.5694,7.7818,3.7294,7.7798,3.7662,10.646
6,1,3.6409,7.117,-1.5836,0.20879,0.08,3.5623,7.2224,3.5596,7.0136,3.7196,7.0116,3.7222,7.2203
6,0,3.6629,8.83,-1.5836,3.6352,0.08,3.6062,10.649,3.5596,7.0136,3.7196,7.0116,3.7662,10.646
6,1,4.6644,10.627,3.1203,0.23395,0.08,4.783,10.704,4.5491,10.709,4.5457,10.549,4.7796,10.544
6,1,3.8259,10.645,3.1203,0.27955,0.08,3.9674,10.722,3.6879,10.727,3.6845,10.568,3.964,10.562
6,0,4.2337,10.636,3.1203,1.0954,0.08,4.783,10.704,3.6879,10.727,3.6845,10.568,4.7796,10.544
6,1,4.7813,9.3892,1.5708,2.4699,0.08,4.8613,8.1543,4.8613,10.624,4.7013,10.624,4.7013,8.1543
6,0,4.7813,9.3892,1.5708,2.4699,0.08,4.8613,8.1543,4.8613,10.624,4.7013,10.624,4.7013,8.1543
6,1,5.4914,8.2189,-3.0509,0.11813,0.08,5.543,8.3039,5.4253,8.2932,5.4398,8.1338,5.5575,8.1445
6,1,4.8758,8.1629,-3.0509,0.18986,0.08,4.9631,8.2512,4.7741,8.234,4.7885,8.0746,4.9776,8.0918
6,0,5.1658,8.1893,-3.0509,0.77209,0.08,5.543,8.3039,4.7741,8.234,4.7885,8.0746,5.5575,8.1445
6,1,5.5502,5.2068,1.5708,0.25631,0.08,5.6302,5.0786,5.6302,5.3349,5.4702,5.3349,5.4702,5.0786
6,1,5.5502,6.6281,1.5708,1.5145,0.08,5.6302,5.8708,5.6302,7.3854,5.4702,7.3854,5.4702,5.8708
6,1,5.5502,8.0029,1.5708,0.44271,0.08,5.6302,7.7815,5.6302,8.2242,5.4702,8.2242,5.4702,7.7815
6,0,5.5502,6.6514,1.5708,3.1456,0.08,5.6302,5.0786,5.6302,8.2242,5.4702,8.2242,5.4702,5.0786
6,1,4.5599,5.0786,0,0.1631,0.08,4.4784,4.9986,4.6415,4.9986,4.6415,5.1586,4.4784,5.1586
6,1,5.3056,5.0786,0,0.48931,0.08,5.0609,4.9986,5.5502,4.9986,5.5502,5.1586,5.0609,5.1586
6,0,5.0143,5.0786,0,1.0718,0.08,4.4784,4.9986,5.5502,4.9986,5.5502,5.1586,4.4784,5.1586
6,1,4.5017,6.0572,-1.5946,1.9578,0.08,4.445,7.0378,4.3984,5.0805,4.5584,5.0767,4.605,7.034
6,0,4.5017,6.0572,-1.5946,1.9578,0.08,4.445,7.0378,4.3984,5.0805,4.5584,5.0767,4.605,7.034
6,1,3.7201,7.0147,0.02631,0.16121,0.08,3.6417,6.9326,3.8028,6.9368,3.7986,7.0968,3.6375,7.0925
6,1,4.4073,7.0328,0.02631,0.23538,0.08,4.2918,6.9497,4.5271,6.9559,4.5229,7.1159,4.2876,7.1097
6,0,4.0823,7.0242,0.02631,0.88573,0.08,3.6417,6.9326,4.5271,6.9559,4.5229,7.1159,3.6375,7.0925
7,1,5.5269,8.0262,-1.5708,0.39611,0.08,5.4469,8.2242,5.4469,7.8281,5.6069,7.8281,5.6069,8.2242
7,1,5.5269,7.0592,-1.5708,0.60582,0.08,5.4469,7.3621,5.4469,6.7563,5.6069,6.7563,5.6069,7.3621
7,0,5.5269,7.4902,-1.5708,1.4679,0.08,5.4469,8.2242,5.4469,6.7563,5.6069,6.7563,5.6069,8.2242
7,1,5.9696,8.2242,3.1416,0.88543,0.08,6.4124,8.3042,5.5269,8.3042,5.5269,8.1442,6.4124,8.1442
7,0,5.9696,8.2242,3.1416,0.88543,0.08,6.4124,8.3042,5.5269,8.3042,5.5269,8.1442,6.4124,8.1442
7,1,6.4124,7.4902,1.5708,1.4679,0.08,6.4924,6.7563,6.4924,8.2242,6.3324,8.2242,6.3324,6.7563
7,0,6.4124,7.4902,1.5708,1.4679,0.08,6.4924,6.7563,6.4924,8.2242,6.3324,8.2242,6.3324,6.7563
7,1,5.9696,6.7563,0,0.88543,0.08,5.5269,6.6763,6.4124,6.6763,6.4124,6.8363,5.5269,6.8363
7,0,5.9696,6.7563,0,0.88543,0.08,5.5269,6.6763,6.4124,6.6763,6.4124,6.8363,5.5269,6.8363
